100
2
0 1
0 2
3
2 2
0 0
4 4
1
1 1
5
0 5
0 1
1 1
4 7
5 6
3
0 5
0 3
0 1
3
0 3
0 5
0 1
5
0 6
1 4
3 9
2 8
5 7
6
0 4
2 9
3 5
8 11
1 6
7 10
3
1 5
0 4
2 3
10
2 14
7 14
7 17
5 13
1 5
4 9
0 3
9 11
12 16
18 19
3
0 4
1 2
2 3
8
13 14
10 15
0 11
0 5
3 4
6 11
6 7
3 3
10
5 16
14 15
0 2
8 11
1 9
4 13
18 19
3 6
10 12
7 17
7
1 3
12 13
4 8
6 7
5 10
9 11
0 2
4
1 1
4 6
0 1
2 4
1
0 2
3
2 5
0 4
1 3
5
4 6
0 1
7 9
3 8
2 5
6
973 999
105 1282
221 477
146 188
26 638
646 1255
2
1 2
0 2
1
0 1
3
9 508
154 254
27 374
1
0 1
3
0 5
0 1
0 2
2
1 1
0 1
10
0 8
0 5
0 6
0 9
0 1
0 5
0 3
0 19
0 10
0 6
8
3 3
1 1
0 3
8 9
11 14
4 5
12 14
10 11
10
2001 2001
2001 2001
2001 2001
2001 2001
2001 2001
2001 2001
2001 2001
2001 2001
2001 2001
2001 2001
5
1 8
5 6
4 9
0 2
3 7
7
4 12
7 12
3 6
0 3
0 9
2 13
8 9
3
226 388
396 452
1282 1796
9
7 13
4 13
4 17
0 5
12 15
0 0
8 15
0 4
8 11
8
10 15
0 7
4 11
2 7
4 5
11 15
5 6
0 3
6
0 3
0 4
0 2
0 5
0 11
0 1
4
2 5
3 4
0 1
6 7
2
866 1648
303 506
4
4 5
0 1
3 5
2 6
3
0 1
0 5
0 3
7
41 1007
600 1763
637 755
90 486
1277 1733
48 319
334 1510
6
0 5
0 3
0 11
0 3
0 1
0 3
10
2 10
2 5
2 12
2 14
7 10
12 14
1 19
0 6
6 12
14 15
2
0 2
1 2
9
11 16
0 8
10 16
5 7
3 11
3 14
11 14
0 3
3 8
5
0 6
4 6
6 9
3 5
0 0
5
3 4
7 9
5 8
2 6
0 1
1
0 1
10
1 9
10 19
1 1
6 15
1 4
15 18
6 14
10 13
6 15
4 6
4
1267 1659
217 461
916 1313
62 146
7
692 1198
242 405
1376 1708
1662 1929
372 910
1293 1405
954 1108
4
0 1
2 6
3 5
4 7
3
0 3
4 5
1 2
9
172 458
1513 1857
1318 1690
695 1987
849 1497
1010 1097
389 804
159 1413
295 813
10
0 9
0 7
0 5
0 8
0 19
0 1
0 3
0 9
0 2
0 5
3
162 171
451 1817
948 988
2
2 2
0 1
1
0 2
2
0 2
2 2
2
0 1
0 3
2
185 202
124 1232
2
0 2
2 2
6
1013 1834
77 211
406 1882
1121 1433
187 620
889 1665
2
2 3
0 1
1
0 1
5
3 5
1 5
0 7
1 9
5 7
5
0 6
3 3
5 7
5 6
0 3
2
0 3
0 3
3
0 4
1 2
3 5
10
61 467
645 1325
836 1202
1525 1987
208 609
115 206
587 822
120 304
136 869
593 1147
2
0 3
0 3
9
15 15
1 2
9 13
5 6
7 15
1 13
2 10
7 13
0 9
2
0 2
1 2
1
0 2
5
0 1
4 9
6 7
3 8
2 5
3
0 2
1 2
0 3
7
4 8
1 3
0 10
5 13
2 7
9 12
6 11
1
0 1
5
0 312
579 1735
3 73
22 240
758 930
7
0 6
0 2
0 1
0 5
0 6
0 7
0 13
5
0 6
0 4
1 3
4 6
7 7
1
540 993
8
0 8
0 3
0 1
0 7
0 3
0 4
0 8
0 15
10
7 10
0 0
17 18
9 10
16 17
0 4
1 14
7 12
10 15
3 7
3
0 5
0 0
0 5
10
6 6
0 9
15 16
11 20
10 12
0 8
0 4
13 16
0 15
1 12
1
0 0
5
228 1297
435 1242
337 1535
816 1145
306 1469
9
0 3
0 8
0 17
0 7
0 9
0 1
0 5
0 8
0 9
10
15 17
16 18
5 19
3 13
1 7
5 8
10 10
4 7
0 0
8 11
9
562 943
1348 1354
1107 1833
243 440
1029 1541
807 1509
102 1109
592 613
40 129
4
2 4
7 7
0 5
0 0
5
0 0
0 6
5 7
5 8
0 1
6
5 6
7 10
0 10
0 6
1 5
1 3
2
0 2
0 2
3
0 5
0 1
0 1
10
0 1
8 16
13 17
4 15
9 10
3 11
2 7
12 14
18 19
5 6
3
1 4
0 1
1 5
6
7 10
4 6
0 6
0 1
2 7
9 10
5
1 8
2 4
5 5
2 9
0 7
9
9 16
0 1
8 13
4 5
10 12
7 13
15 17
6 10
2 3
2
634 970
1247 1337
