1
12
1 10
2 4
3 2
4 6
5 12
1 5
6 8
7 6
9 8
10 4
11 4
932181 546215 156453 485684 518495 437204 295151 187484 337198 110197 564261 76819
100
9 1
11 8
10 1
2 9
7 10
11 9
12 8
8 5
12 4
7 10
11 8
11 3
7 8
8 1
2 1
6 4
2 9
4 1
4 1
9 1
9 10
5 9
11 10
5 5
7 7
4 1
7 4
3 5
10 11
6 8
4 4
1 5
6 11
3 5
2 12
7 7
7 3
12 8
2 7
2 1
10 1
12 1
6 6
1 7
5 2
1 11
11 3
10 6
2 8
5 7
6 3
6 1
5 6
5 2
7 3
12 4
11 5
9 12
11 4
7 12
1 11
5 10
12 2
1 10
5 8
6 10
3 11
2 3
5 11
9 11
3 6
4 10
5 4
7 9
9 10
10 10
6 3
12 5
12 4
12 1
11 12
12 12
12 11
4 6
2 12
3 11
9 9
3 4
2 5
1 11
6 7
6 3
1 1
6 11
4 9
4 6
5 3
1 7
11 12
7 4
