2
2459
4873
3085
2801
3822
4719
1290
1622
1451
3255
2189
443
1120
337
197
2812
804
2413
965
1975
1840
1929
519
4858
1509
1683
2749
1810
2883
2868
4145
3460
1776
691
839
2354
2609
1367
936
2108
504
1303
2380
4632
2636
1135
2672
1329
1223
3721
2266
4615
2620
3032
2726
2036
2163
1819
3781
3485
2125
2421
2022
3142
388
3844
640
3971
3363
3651
4577
1494
1427
4770
955
2616
219
2846
869
4251
382
3760
2720
823
2157
3944
1140
2697
1582
4439
2978
2053
328
4702
762
2537
4503
4349
2882
3219
1332
1371
3600
2641
456
1871
3671
69
1400
790
2211
2479
4435
2104
1965
4734
2324
660
4422
3696
2639
4021
2108
455
3560
3135
3756
2866
696
1496
4848
3292
100
3291
2721
4574
644
1581
3393
399
2489
1189
2856
2578
105
2622
3160
368
1896
1676
1844
2855
3594
2657
1486
965
1635
328
3190
1398
1976
474
2420
1803
3521
2889
3566
708
315
4025
4626
3148
3272
3041
794
2415
3757
386
4747
2248
4835
3405
4128
733
2836
162
26
1994
2651
4821
4516
1402
267
937
1517
678
4119
2828
1419
1952
1242
2131
635
3935
436
1493
4081
2426
888
1286
3711
2963
3774
9
2556
516
3917
2304
3364
2947
116
4887
1981
3853
4094
314
1687
2896
4523
3522
4886
510
2180
4675
4565
4350
2376
4193
1274
4126
60
4072
2160
1127
3050
3073
130
1498
742
4398
982
1023
903
1304
4703
2574
2495
3593
1074
4253
948
1477
4735
2761
416
86
251
3720
1292
3390
4095
3480
299
3614
2456
2813
2303
2257
3290
3992
554
1139
577
2593
553
2436
2414
588
4372
2047
2889
4800
2975
785
144
4615
3258
2418
4498
4025
1039
577
4820
2393
2422
2340
534
2107
2988
2989
632
1163
2607
1353
214
1986
3055
4505
3033
3602
4115
2738
2422
780
2332
1686
1955
3008
248
2176
3205
1720
4084
4831
820
536
912
2058
4080
612
1859
3525
2315
291
3028
3469
1475
1045
2779
3197
4876
3592
2877
2219
1685
868
799
456
3230
4129
2388
3999
486
2492
3219
1649
2790
1862
3538
4013
1253
4298
805
4793
3916
1504
1502
1924
2828
1065
831
3386
3169
3393
3602
4712
4549
3299
1975
4273
3721
3647
1250
3726
2315
1528
2947
3789
1986
1514
3556
2195
145
402
271
3809
2903
2639
4423
481
4601
1076
136
2722
1549
290
4560
2270
1938
4099
3153
51
1811
1621
1694
4754
1715
43
4669
425
1328
575
990
4787
4072
203
2521
1919
1776
2612
360
2227
2405
4363
2231
3237
3825
824
2608
1133
4702
1891
1788
3564
973
2344
588
1685
1805
190
1825
3131
2255
2812
968
4598
3515
2878
3515
3134
1722
1306
4372
1454
3549
2169
636
3056
2601
4328
2967
349
2566
4585
2124
2089
1597
2950
1618
3252
2590
1916
1168
3102
1573
3179
3886
391
3854
424
4292
982
729
4604
2143
9
4049
4801
582
1255
3747
2979
2869
1658
210
3018
392
1980
4299
4915
3688
2815
4330
4561
4691
4094
4440
2515
552
89
2492
2244
4503
1495
3647
1341
4192
4094
1781
576
2540
2954
3530
4734
3051
1210
4173
2230
4527
4085
3352
848
4285
1347
857
3542
1564
2695
4750
1139
4892
4534
1955
4041
2303
1935
4005
1050
1552
2879
4659
3507
2280
1127
3308
559
1176
1164
3129
1680
1355
2024
3038
849
1142
4066
1017
3507
2391
3023
4804
336
1566
4053
3365
855
1035
3834
3743
2849
3515
2928
4387
699
4023
4516
4669
2059
3274
3003
4020
223
2448
323
2951
2833
356
2527
758
3582
1637
2084
559
2417
3276
1505
4733
1929
4203
1556
3369
1905
1547
3665
4364
1638
2312
3253
4513
2248
4125
4389
897
2683
1641
4514
4517
2537
3295
2365
4356
624
501
1154
2899
880
4895
3994
4271
1092
773
1969
308
4302
3659
2236
1673
2051
3345
1580
1515
84
2014
647
4368
125
4361
3129
2815
3241
1735
3730
4903
726
2058
4178
1664
1740
1542
3359
3709
1401
2860
4773
3708
737
1748
3401
1720
1978
497
4802
1159
2064
3590
1293
652
2681
4818
461
4594
2727
4053
4497
2216
2794
4622
1354
3224
3859
3220
544
3321
3651
1519
843
3162
4204
997
4724
3649
4115
1999
4425
4237
2619
994
3729
2477
3466
3956
3472
2078
1408
742
1920
2832
212
1865
361
1082
492
561
903
3582
1509
2664
3391
46
2528
1856
1492
173
2369
1601
1254
3483
3775
4567
4793
2985
1564
4591
3777
4077
716
610
2469
2111
3773
3973
3256
3671
4043
4001
880
253
4394
2702
3710
2426
2630
3365
4837
3938
1485
3106
3627
97
2008
3565
647
2211
3630
4785
3840
4821
1508
2762
557
3733
3991
1730
63
4900
3293
2891
4589
2448
1389
3060
2337
3847
903
1490
628
4800
2337
3898
4533
368
2997
3844
3245
279
905
2869
3872
427
2347
1627
3070
3405
3869
2496
3150
506
4461
3180
2373
1413
2360
521
2418
4603
3000
2219
362
1054
221
3240
2890
4239
3664
4873
990
4147
490
3856
3438
3600
1219
57
3182
2009
2546
4009
4561
4476
1636
2828
1966
90
1752
1861
4909
299
843
1952
3475
4292
4638
3921
1943
391
3556
3103
2992
4562
2250
3192
3166
4286
3656
1037
4881
2175
155
4165
670
4775
1483
3300
705
1622
3245
4240
3539
1471
2131
3795
3813
1717
3096
661
4286
2268
1588
1695
4592
2312
2183
3063
1437
2497
4772
2932
1759
1928
4403
1136
1954
4296
1798
2931
1827
1178
3335
1771
1281
4127
2493
1260
1231
3725
2224
1545
2088
2270
1013
4051
567
41
3858
4211
901
1679
651
4240
1539
1044
1115
3087
1942
1246
3058
302
1426
648
2829
223
519
1192
3442
2805
4744
2840
1415
3381
21
4408
1192
3929
1427
2200
403
2675
1958
3906
4870
2046
1489
1211
46
387
1696
3897
1847
755
3158
522
1930
2263
4588
2176
4313
3977
1476
3285
4428
1536
2110
3090
850
1849
710
3661
2355
2889
1157
1589
2464
197
4776
4266
2166
3235
1683
2625
3953
1646
3535
3150
3494
995
3192
3723
489
3829
4176
4566
2868
1427
347
4444
1396
175
4427
1099
1630
4585
916
3727
825
1127
4170
2467
1262
4033
3381
1187
4745
516
55
1191
3194
4437
85
4252
3133
4860
3644
1473
4200
3770
4094
1623
1945
1463
3215
4546
4235
2794
3121
3136
186
2540
1654
4629
353
1976
2758
3517
3882
14
1087
2319
2674
2754
1745
813
1554
3238
4814
2149
419
4524
2445
2763
2695
3592
246
1244
2477
2541
2430
4356
3411
2329
1852
3416
192
1334
52
2281
383
4689
2942
4570
1315
2793
906
462
2387
1895
3822
132
4298
3178
262
1475
4807
2973
2987
4888
4468
2548
1091
2208
2948
231
2248
3128
4188
21
1485
214
2531
1209
4574
2869
4411
1671
4408
3912
1852
692
2760
2310
101
1040
154
1383
2349
4437
216
3182
1245
1697
757
3296
447
2805
1309
3408
2046
4399
4454
1826
3216
1077
2656
576
3553
3351
486
611
508
1334
4702
1022
989
4553
2480
4679
1793
1510
3079
3647
2968
2403
2434
4502
3499
328
1853
4044
881
1317
4047
2077
2494
795
1446
3209
1942
2889
2972
3168
2940
1542
873
1358
2028
1980
1918
925
1135
1114
3176
1653
386
1134
15
1339
460
3392
1297
800
912
3735
3671
1630
1087
388
1622
3372
1958
1365
2773
1454
379
113
261
2745
1386
75
253
658
3175
3638
1711
1906
2797
1945
1858
860
2193
23
3265
1188
752
1781
1093
755
54
2748
2286
290
163
2260
2144
3185
644
2870
1131
29
1354
1992
3479
689
2422
3192
1234
1650
3614
133
1038
2150
204
800
416
2921
1383
2732
3621
538
723
910
3863
156
1354
3854
2255
3158
424
2662
2692
2246
2781
2175
3172
703
1014
1444
2937
2226
1866
1183
3983
2473
2564
3997
84
3244
2108
908
1989
4024
336
1210
3591
2836
3513
394
1008
3844
3436
4099
1494
1034
3759
3794
3988
3353
1486
1782
2348
110
1256
25
341
2469
2584
1431
1575
556
3006
1351
615
1074
2459
2204
775
2418
3449
4000
2913
1024
1853
3871
1643
3043
2195
495
3255
370
1231
3835
1652
3815
3747
2145
3428
1155
1593
729
2519
883
2756
2002
2837
3805
1571
2414
2271
1900
41
2333
1736
4180
2897
3639
1129
970
4145
26
837
2230
3781
1531
3351
2087
2027
4044
2097
1711
1130
1759
2286
2626
1039
1790
1554
8
3542
1733
120
4361
2894
200
2612
464
3701
3264
978
1980
741
1555
2323
283
1178
3379
2463
210
2975
3369
138
3379
3210
4430
2539
1275
341
833
3353
3235
4229
829
808
2652
1115
1861
1272
3887
2601
4365
3733
2691
3840
2918
2515
3648
2471
724
2738
2375
255
2117
2104
2422
536
2044
38
2365
1319
710
636
2504
2938
599
3801
4254
1753
3507
3446
1182
45
2376
1842
937
2259
3638
2786
1940
3857
3028
3578
1821
2332
1626
1188
1926
4200
656
678
3413
3375
4104
1830
2683
3278
2151
385
3456
3175
3062
445
3337
642
1384
1225
784
739
287
645
3305
1844
321
2749
3533
1178
3398
4164
1596
575
2716
885
2290
3630
4248
1591
3654
2312
42
1722
139
3890
1261
2709
207
4105
2542
4257
3152
3063
3943
3662
987
4662
4567
517
3808
3458
4421
2554
1919
5
4062
794
844
1682
800
2051
2321
1867
1082
4699
1506
1492
4056
2654
2407
3784
4207
308
2885
4673
1979
3511
1686
4472
3882
1017
4410
3461
3263
4428
1266
1124
1460
1493
3440
1322
448
1186
857
4552
358
4684
3045
1044
4441
3420
2154
4868
1800
1034
2507
3239
4497
1966
4285
502
1730
1985
1682
3569
831
684
2105
521
2853
4198
4325
4513
2601
580
4581
432
541
436
3370
4897
3933
3484
2820
1
4386
2281
4608
1386
4090
1937
329
1127
4158
3588
520
1375
4650
4881
90
129
2896
1485
561
4650
1915
3458
1280
1502
3160
2541
43
2186
425
600
2373
758
344
322
2604
1790
468
919
383
4986
338
3628
3388
2653
4833
558
3558
4266
1273
2875
4655
568
355
1394
3594
4620
4013
2110
766
4498
2262
3109
2860
1977
602
1981
2135
4052
3305
4668
12
808
62
1600
3318
4540
2741
2721
3515
846
4129
1134
1467
3929
4996
2841
1026
99
5247
4031
4612
2310
595
4151
4192
4283
4756
578
3232
4903
203
1968
1902
4046
454
1608
3780
2946
1984
781
982
1878
1435
2439
1052
4808
1608
4740
594
1824
2375
329
3742
1723
967
4855
2005
4639
1480
1962
3340
1690
4907
138
644
4642
1466
941
5066
1952
2203
3250
257
3890
1676
4543
2091
2323
1052
4985
2328
4364
5262
2418
3291
4520
3171
4711
4741
4643
3220
1715
3236
4388
3013
3352
1598
4629
1184
5333
4243
1
3820
368
648
1321
5067
3276
3238
5157
1030
5010
878
4738
3759
4899
1124
1604
4033
1057
1021
4996
3780
759
4263
1241
3852
4098
5296
2259
3303
1865
1414
3322
3700
2571
4933
1000
4208
3448
1517
4852
779
2225
1674
1167
337
804
1350
1665
1457
1272
4777
2998
3154
4036
1660
4706
2548
2850
5581
5134
1484
5521
3007
5572
1099
1639
2113
1890
4826
4465
2662
3852
2101
1980
3422
3102
2405
830
67
3462
676
3183
4011
728
1427
3452
469
4211
5614
4213
656
3195
1005
3702
3298
911
50
1076
3727
1332
437
857
636
5339
2825
3770
912
1512
2930
2919
3829
2216
4326
2948
1486
4896
2573
2870
1039
4027
816
67
3352
2506
2819
3966
3873
5510
5276
5419
443
4407
5157
2743
1950
1216
4497
3170
2801
4700
3371
5528
3527
2048
2178
4610
2655
1189
2836
5121
3583
3632
820
1856
1874
3727
5529
1363
5901
2793
3764
4438
283
5474
3068
354
5341
4349
2138
906
667
3174
3937
5994
2443
5849
3523
1013
5370
5536
1460
1615
1568
4055
3354
3125
5601
1636
4089
6043
352
3297
1422
5622
5978
5693
251
5468
1596
666
3204
5285
5325
5843
4115
4516
2942
2301
1496
6125
1552
4136
3539
647
5638
3629
5883
6060
3022
154
554
5376
5901
660
644
5152
5191
989
1127
3708
5807
4626
4151
6047
2327
2548
5790
1357
5114
1241
878
3966
4967
3890
782
1505
364
2621
1768
3191
305
3589
5755
425
4582
4679
5215
1018
3771
5992
3977
5338
1544
1731
163
6172
1689
5700
196
463
5364
5603
2116
296
460
2979
4804
6245
5246
5112
5780
6316
3128
4292
6054
2077
5620
3257
25
3378
1833
864
4511
246
2564
2216
4138
1088
6326
3608
632
2433
2209
5220
214
83
3896
226
523
2563
1655
4360
4858
1489
3747
4751
1727
486
3928
5454
802
3291
3393
4602
6523
2568
2287
3218
341
4927
6173
4464
2838
6507
694
750
1265
4027
5124
1485
5139
3331
1619
244
2363
3709
691
4287
4895
2411
1142
3429
5303
4528
6050
3161
5315
3184
4677
5942
6573
5294
1541
4301
442
1717
3925
3818
6434
5508
5617
1061
5270
3029
1681
2609
3500
691
997
2897
3787
3988
2797
1560
4185
2419
4134
4649
6093
1039
95
2513
917
2995
92
507
2851
4167
1220
2865
3401
3874
3908
5877
5138
5393
5424
4856
6469
4401
6627
2368
4383
4457
839
6458
2544
591
4876
4014
2881
4571
3021
3009
2493
2479
5466
2907
6142
3465
6407
5412
5692
3754
5800
442
3469
5152
6315
1836
3422
1442
3337
2757
665
6898
2546
6287
3109
4316
2096
5273
3140
6373
6838
2125
4365
5075
3852
1005
4026
611
4894
2186
1718
3546
6405
917
6619
3480
2419
1302
5005
3726
623
1796
6382
6199
638
1250
5134
4710
3991
5614
2933
7014
5421
4928
3429
6017
863
5726
1309
2461
562
2711
1033
6816
4096
4329
6401
2203
1449
1941
6608
1813
4092
4920
3376
6912
5432
2028
6080
45
2398
2480
5874
4124
660
739
6290
2923
3597
2905
6720
2175
2411
1918
3136
2410
6601
3875
2236
1647
5876
2534
6123
7079
2746
1767
5247
6518
2635
4432
4813
757
1272
4112
2819
1585
1011
3134
5083
4891
2923
6857
1547
289
6294
5912
4182
282
3427
1809
6660
2550
314
6154
2293
6280
5558
6632
1417
4159
1627
1397
3040
5662
1087
2879
835
491
1928
3005
1417
1743
3237
6905
4116
4524
2641
6960
7051
3982
145
1838
3332
3054
2480
837
5920
10408
5154
8143
7402
5988
2756
8361
1442
8048
455
4394
7291
1292
1660
5108
7012
5950
10208
10143
10786
2054
448
3793
5973
9236
7584
6670
3773
4281
8030
10834
5692
7068
3987
2205
2206
7214
10362
6095
8918
2016
3860
3380
1482
5523
4875
6689
9042
8847
9173
5632
5757
185
7771
232
6678
3711
2523
1201
3685
7126
2762
3910
6776
10406
8830
3067
4003
5251
8588
2337
7877
4064
8429
9368
5965
639
7591
1317
4669
10028
4201
9092
2926
939
8758
2816
5524
8559
2053
128
1156
2125
4584
6884
4979
47
621
7825
2433
4941
8450
5832
9462
5209
28
7422
2699
5178
8921
3432
620
7420
6116
8085
1276
3718
1561
768
3930
1292
2793
3622
5795
9669
5120
1045
10103
10400
8230
5510
5824
243
4323
4460
1777
6644
6951
7309
2508
3115
4008
6609
4263
3623
2637
2200
5807
8048
7627
721
10285
4030
4686
7369
6792
168
3034
3264
4236
6751
8242
7106
4009
2588
5625
6260
1663
2391
4375
7982
4889
4986
10462
9160
9847
6741
9326
1976
272
1747
11669
6619
1687
877
2747
1745
10366
605
5694
5966
2872
9174
4249
7278
7428
8946
11466
1161
9255
2988
820
3912
2680
9615
7234
6711
10338
7790
3213
3547
4454
22
6271
8965
1311
5121
1657
5415
11402
2572
7411
4391
8389
1387
418
3634
6103
1820
5151
11091
7985
3545
11717
10692
1076
1362
7579
11459
5682
6042
1011
4073
7801
6369
4561
4664
1038
4706
9424
8051
7222
1373
2114
4850
3707
968
7831
1973
4332
8450
5120
4345
10022
264
8468
3913
4946
3819
6194
151
47
2690
4584
1739
3026
732
9363
4443
8810
7672
8200
3100
3913
9785
3443
10135
11488
7316
8126
1952
586
3340
2164
7651
4493
3104
10407
10304
7004
1603
2895
5209
5408
9100
2611
4840
6199
10543
2189
919
1277
8556
4393
458
8075
2438
2894
11264
3006
2743
1696
2330
8442
4898
6789
5946
9262
265
11015
10256
5977
3968
2617
5425
5197
289
7198
1770
3891
10498
7942
1363
7503
6564
2234
7463
7813
5037
7002
1234
9372
10585
1349
8396
4803
6060
8185
7910
4561
5547
4348
8866
6609
11211
3578
5256
1662
6058
1839
5622
523
8189
3783
3192
9830
2825
9284
3288
6334
10647
5665
8632
7555
2402
5877
8285
6189
5394
665
3278
4863
7406
5965
9502
1485
9165
24
134
2108
10765
623
1335
5705
11336
3928
6637
1164
388
4495
9160
190
618
6569
10328
5178
10874
5559
9334
10624
7932
10093
8283
5183
8058
8324
7467
3796
7468
3164
9234
8974
3444
2790
9554
5876
1355
7617
8411
2313
6971
5667
3549
4622
10128
763
10522
2249
5065
340
5311
3973
9746
8253
116
2010
2551
7207
1842
9070
7634
2894
21
7996
10565
8988
5426
10836
7151
6538
1706
9123
7704
4744
639
4533
3439
3423
9063
9336
6071
11669
5599
5379
10621
10320
8898
7895
6029
2559
8154
3428
4965
8822
11062
4559
9578
2264
8893
3634
7642
3834
6209
740
2306
6085
4631
8187
7729
3996
3111
8464
7724
5119
2431
9154
1379
4656
11117
1342
1956
404
6604
9021
1231
2907
6366
5518
778
1764
11739
11605
53
2266
2569
5140
673
36
8077
681
2108
636
6401
1304
4944
3293
7238
4619
2990
7587
6172
599
5732
4590
2927
321
4662
2247
2868
6529
972
774
9525
8901
8169
11634
8937
1657
5532
1195
5384
5062
8506
11205
9053
2008
6411
5686
6045
9957
1028
2290
8119
10795
4662
2196
3052
1593
5444
8128
4897
8304
5210
8583
1587
7627
3036
330
5258
3037
3357
1059
241
3034
786
8576
9509
3353
8134
6865
5995
2008
4879
4325
6567
5761
11648
10063
5675
11180
224
11535
7757
3940
6875
1454
3708
5806
5944
6570
6228
8903
9803
787
6447
5998
10220
11765
2687
10594
7207
4727
7001
1901
3957
3523
8532
1825
11499
7336
1427
8930
3954
6652
3231
5348
10359
4421
5433
310
3620
2650
2094
5760
6094
4869
6059
4105
5424
6636
3667
4028
6232
496
6415
4011
7904
2006
5669
2196
32
6500
5645
4387
10786
6542
512
8569
3798
4818
9169
6700
5767
4257
4096
1679
10894
1023
9421
5363
3334
10604
6666
3693
6143
2308
6196
8730
887
8932
1539
8801
4166
8782
11008
4024
408
9295
10775
7530
7264
7903
10093
1111
5707
264
7283
3452
179
1226
3388
2868
2838
7935
5131
4671
710
1531
5745
4291
8226
310
4438
9616
8132
4141
2133
11240
9084
9029
6989
6719
61
7666
3572
7551
7895
7511
4015
7503
8293
8942
3104
7573
9288
2603
7167
9017
212
1116
9069
11373
5256
8212
10885
3178
7172
4040
9267
9020
11254
4985
11465
256
6102
11347
10511
5100
8659
9686
9563
2641
11469
10867
6562
3677
1732
3705
1934
5668
11344
5424
5777
9312
211
9797
4792
4086
9453
8680
4483
122
5166
7027
4724
7414
2193
2252
4646
11623
1703
1932
9248
8329
6033
6113
938
1493
6706
10865
5919
2375
6372
7551
4676
804
7786
5523
11160
4732
7719
6997
8236
5996
7373
955
8373
744
9751
3364
11680
9143
4539
4611
8549
1727
7578
8959
1695
2755
763
1562
7579
5610
6839
9425
6511
3650
10037
6468
4109
1732
11225
9431
9239
8666
1785
1368
2229
2462
9425
2722
4646
293
5623
2177
6675
5244
9937
7830
810
6129
7941
9341
937
2390
9777
11630
10297
2561
989
2401
7934
2263
1133
3318
3564
5259
5211
7059
3612
6241
1957
783
2207
5560
1795
1551
2066
7239
2524
7150
9458
7207
8633
7331
3762
7633
1466
8990
6987
106
11144
9138
1556
5884
7882
249
8402
1671
2652
1012
6225
9976
7357
10419
9460
9592
9031
181
5065
6632
9445
1999
4320
10347
704
210
286
11302
9210
11496
397
4867
5599
5759
2230
10044
7384
9642
946
726
8418
4099
253
1195
191
9558
5260
3053
4332
634
1569
232
5778
7041
1372
7751
320
10451
1236
10330
2201
9621
7206
6934
8778
143
6349
2654
6656
5967
4019
2177
7767
9544
7879
4419
7061
6719
8592
2720
6680
4264
385
1742
4045
10251
3021
6723
99
8365
4732
375
5247
9005
6847
5995
10546
2540
3201
5034
6376
8880
2366
2702
674
10187
3160
3783
38
1911
359
11288
2420
9285
7633
1826
4093
183
3612
5157
8208
2154
2623
2244
8725
4024
8959
6920
6397
7388
5817
7208
1977
8599
11770
7752
9002
403
4823
3071
473
4807
1595
1117
11625
3610
1403
8045
6858
5067
4848
4215
2927
8720
1413
1865
2177
7805
6863
6007
10133
5160
2781
7009
3483
8587
1680
5108
6553
617
813
1204
1624
1973
1585
696
6302
10287
10789
4918
6939
2768
8626
1984
4519
1896
9589
8399
748
1286
9494
8320
160
6872
6422
156
1079
6547
7272
8668
9110
9941
5570
10412
1418
4233
5235
6256
442
6540
4087
5701
26
8077
4105
8073
610
2490
2936
10717
575
4249
3133
6761
11464
4147
1036
4769
11379
760
9129
9159
649
2591
829
8882
8791
8397
6633
1869
8999
1976
6106
6946
7406
12
7070
8089
711
3662
1078
5499
5216
2367
1516
252
5364
67
998
2169
10233
8258
6204
11582
6298
5263
8583
5451
4583
7
890
1304
10700
2236
5366
9430
2175
851
8728
9080
4542
3691
2774
8242
11065
1984
11146
8321
2507
2830
10829
9835
2671
2041
10312
3272
7537
8748
3527
4929
7074
704
11407
8920
11664
2656
7794
3560
3126
2604
3232
2350
7279
5978
11520
6729
1841
4515
447
5566
6327
7581
5097
5695
1151
3044
10614
6765
6070
2623
4198
7259
6449
3521
5328
11413
3549
1772
3958
2145
7289
5021
1182
3396
642
7204
7197
7560
4207
114
9909
8957
2207
9080
11297
4670
8208
845
6381
3253
10897
8016
1931
2018
9402
7567
1764
10583
10906
5160
1836
1287
1777
7598
2361
6465
6495
79
10773
9720
2141
3187
4497
1541
9259
870
6045
2223
3785
5690
662
6377
6634
10151
5471
6684
7206
9781
6259
10663
4719
6172
5882
7653
4806
2153
10330
11822
8559
6115
6927
1824
2466
5039
318
8735
7619
8881
710
794
6100
8308
6617
3024
5290
4876
8202
1939
4061
2169
870
10060
1540
3279
2440
4864
993
4756
5992
4817
11608
10922
500
3976
1254
1134
5410
11025
4815
6879
3972
1543
1688
5507
8413
9779
4407
11334
9075
10959
3336
3749
7781
6863
5377
74
7103
11618
6056
11129
6796
501
8707
4394
8235
4152
81
10359
11493
9510
2167
1017
5566
4351
6269
1006
330
7384
1658
95
6274
8278
1229
7679
2839
5175
6606
5269
4678
11730
8453
2974
7533
1759
4889
6060
1501
4473
10699
5652
7728
11299
1955
2567
9885
4233
3883
10943
7689
11785
6684
6045
9888
10930
1366
1360
1189
3276
1236
5432
7302
2328
9566
7179
1268
5657
8896
4216
4593
7698
2172
10635
8811
2258
9340
4241
3208
3182
5002
4668
8642
6670
67
9993
8309
8235
6537
31
4406
1878
3577
4923
10919
5693
9949
3850
11272
2602
8674
7702
9104
9804
4684
2149
8701
1530
5928
286
6568
8245
258
8558
6876
5421
7129
6954
1832
1991
528
7670
11507
4958
4390
549
2448
10056
2984
6434
8979
1690
4134
462
8610
4654
5731
2218
463
3427
720
5496
8293
678
380
2205
6272
5680
8709
2570
7330
8144
978
5147
11524
7083
3652
6911
9898
5121
1321
1690
5114
5361
7987
7079
11342
8512
9321
674
10120
9110
5597
9765
7782
7817
2590
4049
3478
94
6702
4847
3467
10509
10103
343
16
6085
10553
4625
10396
2160
2183
7803
2343
10232
8563
7147
7421
6346
9543
3349
5521
1242
8885
5358
7251
2023
3281
1169
8005
10176
6718
3234
3658
7047
2022
5298
11839
8565
10735
5859
1231
5662
1130
9933
7938
759
4237
2720
9878
11029
5155
1226
145
4023
2626
4251
5397
4487
3518
10407
3125
7005
8156
6891
5959
8197
2889
2612
6331
8962
8140
7805
6187
6162
10234
6488
8434
2932
10857
7311
1794
10472
5094
1290
8497
3062
5419
8947
2900
5105
9035
8153
9487
445
5040
3666
4907
8527
5255
5477
5801
7732
506
103
3671
2005
5215
1955
1312
1401
3375
447
7336
8651
121
11101
1497
4574
9559
6144
6839
7086
9314
560
571
41
3362
3871
6942
6829
8
6732
9908
5012
7456
11112
7675
4014
7489
7736
2420
6925
1479
5882
8881
1927
3010
6027
10288
8951
4720
5000
5351
3269
4841
4275
1824
423
986
5593
11399
8872
4468
11634
7490
6953
549
7945
10496
1637
4872
3037
7701
9849
4057
7878
5381
11811
4779
6620
2334
4426
10717
8788
1228
5310
3530
5676
6951
2242
1408
2954
3087
7303
9780
5919
3003
2043
8755
8274
4494
8642
5276
411
11371
195
1869
4076
11275
2087
6619
7575
1741
11677
5638
10476
5581
11746
3371
10721
4343
8575
5500
696
4317
8083
7086
5083
5512
7634
7473
1291
7692
11086
11365
7481
8671
438
3147
9908
3884
11804
6138
6917
4450
10043
9555
8151
5074
1656
7030
10524
7929
4840
8758
427
7450
6803
5963
1518
3345
3319
4999
5819
2659
4752
4876
7937
10457
3543
5243
6822
2447
10441
5615
494
10184
11305
4396
5023
7364
200
914
3107
5397
644
4055
2541
7662
8783
6899
3615
4861
9393
7005
3948
6714
2320
4151
7801
2176
11248
8389
2314
7261
7222
5668
2906
5093
3249
2233
9418
10251
3995
615
4414
9138
4443
1733
709
4864
6223
8719
4920
436
2057
1947
6564
7226
2519
271
10091
3069
1288
3858
8999
6845
10091
3328
2065
5537
3354
11682
8353
8014
11127
4637
8119
3384
7862
1257
5562
8120
10972
8581
3135
3232
4550
2090
5996
5387
5548
9085
1053
6136
4775
10312
6
3544
10289
5803
1882
8805
2348
4047
8556
9590
231
5148
2133
5328
10460
4972
6421
2048
2749
6399
11133
2918
1520
1648
2444
8788
1240
7335
280
8984
2390
8273
943
8853
527
10381
6847
6873
11568
6376
3699
8554
5104
1740
1375
1250
469
756
5982
509
10938
5923
4089
5617
4559
2134
10315
6078
4577
5623
7011
6661
10012
2067
4266
6237
7758
4430
1094
7332
3757
2070
10749
9555
3740
1429
7582
7637
1322
299
6557
4762
3612
7323
5117
295
6764
7108
1779
560
2001
1876
6472
10664
8513
10744
1215
2904
9460
6423
11192
4206
5036
7423
4436
2712
9202
4895
4058
6482
610
7160
3737
4285
425
6350
5135
9712
1742
3747
6986
3858
8687
7781
1805
3497
10382
6951
6325
8877
5516
1230
7836
10721
8435
6093
2878
9315
11514
7571
2778
1729
1029
9602
988
5134
5164
3428
8312
10293
9213
2201
8345
3150
7684
3348
6651
4207
4938
4487
9237
645
6363
4828
6908
2019
10252
38
5636
601
11261
10391
6376
7433
2204
5939
6892
10678
2154
3652
6720
5918
4802
1744
7976
6602
8023
6856
7962
3683
2109
11778
1959
10375
8491
5929
3934
10716
3711
3188
5550
3492
4162
7124
714
2322
6190
2866
8722
2588
9133
11288
5679
1490
4836
1774
4031
686
10288
2153
5106
4844
8751
10943
10803
11100
7107
6174
7691
8501
5394
3165
3331
2284
2833
4467
11337
5253
3715
8039
7126
874
1532
5255
4749
9274
8811
1821
8869
3875
5527
5023
1610
9715
1385
10662
11585
10603
1643
6369
3019
21
2383
8651
2061
8600
11443
26
1581
9674
2531
1978
2367
10181
6368
11001
4065
3453
5984
7876
4451
4689
3605
8658
7084
8671
10738
11487
5337
1309
2092
156
2598
3622
5117
4773
850
6033
943
4339
3646
6472
1815
10771
8919
7959
3936
2198
5172
10180
1546
7883
7041
3551
433
2666
5278
2201
4435
5010
7298
4890
1741
438
7844
11405
3621
6803
1179
4671
2125
8933
196
8488
6758
602
10020
3656
9604
4551
270
2934
8625
5337
6087
8373
3316
7759
1449
905
7059
1127
5061
1225
4438
4694
2572
1908
2190
124
560
8328
6230
4503
9990
3153
4057
4151
6703
6784
3860
4658
3895
6332
8093
1112
4413
701
2021
4714
4181
7318
6522
774
6762
2194
79
8742
4776
11139
11136
3850
4376
8215
8721
1011
2253
5356
4599
8786
10624
7910
4185
4800
1143
2238
1431
8047
9963
8668
3212
6241
5289
1321
6672
8600
3897
4318
10049
1229
8510
1506
11268
7204
5789
7442
9286
7584
5985
4577
4360
9171
5790
9506
3098
3673
1365
2723
4390
3590
6616
9533
8689
11549
11759
5673
1118
8451
8505
6933
9844
8243
2902
11063
6752
2290
8581
8354
9086
10758
3402
8663
4500
8355
5011
10525
9183
7398
8986
6292
6803
7174
717
7046
4381
7175
4717
7807
11243
5232
4980
11359
8366
1344
10426
10605
10526
3101
729
3438
10751
5325
976
9142
3940
4008
6117
6399
2481
9421
5327
8888
6437
2837
978
4191
535
4421
10476
2514
7167
3976
3760
7138
7737
10460
9521
10218
8774
8331
11681
671
212
2589
3002
1320
6783
268
2141
879
6359
1528
1465
5560
1572
10268
3055
6769
3367
5505
2228
3787
547
10673
2230
6729
1628
7407
130
6422
2783
8549
4133
6428
6722
350
11601
5202
8557
4149
6659
534
3801
10189
9891
6139
2008
5507
2220
7972
8726
4641
4684
8466
9054
6933
2894
7226
6944
1441
3702
8603
10865
6291
5100
718
7315
7416
8542
6303
1719
10957
5599
2075
2944
10102
4564
1386
2634
5747
1616
6559
10347
7055
10366
8078
11768
8090
7871
8541
5707
7322
9493
6238
7236
4222
5696
1052
6926
10835
8934
2996
2084
5114
10936
11367
10643
4314
8211
6765
4353
8210
420
6859
9774
8050
528
7847
2042
2346
8979
7068
5095
1794
1831
8010
7649
2380
7655
10415
6459
5079
7540
6524
7804
3110
664
3489
7962
6881
7785
5995
1413
1161
176
591
935
1265
10699
1351
6507
2540
400
7516
1916
8962
6643
8196
6607
4519
3242
3759
4707
3885
527
2717
4871
1464
8837
946
1118
6514
6238
1164
6751
3009
7548
5972
2911
3190
11447
4947
531
712
2367
8328
3536
320
6659
5687
7382
10933
1681
707
11021
5563
7486
10367
6222
8664
8
1794
1381
5687
4346
5305
2966
8609
4304
2178
6238
8552
1180
5174
7354
869
7464
7173
3374
6565
2525
5897
1919
1952
1891
11028
3457
6763
4810
2763
793
6894
6633
568
8826
6039
8965
10714
7858
10192
7348
9472
170
4079
8065
2262
5289
10733
4307
1790
5403
5786
1802
3426
11025
2639
5994
9033
6152
3299
4987
745
878
2146
3503
3708
4066
7546
10182
2454
1468
120
8687
2742
1869
179
10736
9307
8680
5383
7559
3737
3232
8006
3538
2987
11412
5417
2220
6539
2857
1165
153
6080
1111
4124
548
10552
5543
264
7750
4886
7291
3648
9034
1549
6286
11100
9327
1326
4285
7387
4238
958
6534
6992
10940
1228
5904
9176
5682
6337
2476
2767
1195
633
11227
7236
9230
5905
11408
2602
10253
10626
1975
2384
4301
1005
757
2899
1799
5303
3058
7506
7406
9814
2773
7522
3282
4908
9678
1091
260
7700
6298
8851
10491
5563
10626
9602
2358
242
3941
2118
1251
7809
120
912
8192
7293
9611
5502
4032
7389
1038
11218
5232
8457
10067
867
5850
9972
4822
10322
4969
6380
2490
1152
1807
2031
5653
6718
7972
9601
2415
9221
11408
2939
7751
11112
6762
5734
8535
8902
3297
1096
5785
6788
92
9790
6986
3898
5405
7051
5870
9709
8427
944
7124
7934
11440
4157
2331
6048
5536
8230
309
11727
1755
793
6891
5888
11285
1807
9378
2259
11124
1058
7196
9040
8569
2270
5505
11729
10211
5978
6944
2236
784
1033
4977
5685
5222
6988
861
593
9649
2378
10752
5709
1357
4419
173
128
3463
3809
5362
3086
4095
2832
3934
991
10513
7184
10817
463
2676
8521
4595
2855
10913
926
5976
5581
3256
260
10209
7159
7264
3861
3734
3749
7918
5418
8083
8848
5002
1092
8529
3549
4160
8509
22
815
8572
111
8151
6812
4526
5785
4143
6014
6438
3650
3762
4870
8048
7503
6384
7412
7919
3034
6567
1681
4621
2883
6287
132
7364
4093
2648
4162
6773
6607
3038
826
1814
3935
1980
1568
7951
1298
2388
590
2106
8716
8079
3624
2580
8692
1010
1186
2986
2068
4188
1191
2052
2419
3313
1860
4316
1172
2699
652
5092
3986
5181
2282
3586
2931
4609
4803
6320
635
4635
5833
636
2755
3546
2627
8685
5500
80
6267
6691
8290
6324
2529
507
2855
7071
305
2529
1977
5076
242
6276
3971
8703
4081
5008
4595
7736
4590
2364
9176
4525
8460
2940
414
8442
3607
4008
7654
852
7749
5825
4557
1925
6710
3918
2681
1689
2261
1425
6865
1453
4278
611
4876
1061
5801
1939
5914
694
8263
2072
7260
6750
8816
3168
4506
2925
372
5992
8521
2243
4570
6365
486
5694
1742
1514
4186
6084
4682
3800
5473
7761
551
1771
7762
1353
2412
9197
1604
2093
8631
4661
374
7649
1399
593
625
8452
419
7301
5697
8385
837
4768
170
820
6289
6604
5919
8908
5062
6946
3689
3753
3549
8153
2644
3479
1761
784
8830
431
9255
7729
3888
5100
4507
9126
1678
8766
266
3015
2688
7103
134
8014
1369
1364
8838
1365
8219
8856
427
3605
7427
812
2168
2475
2593
7830
3316
1791
1855
3249
6269
2104
2919
4475
3483
1875
278
1474
8514
5376
101
5180
6013
8524
6188
3143
9239
7910
7370
1552
7443
2069
550
5448
3968
3145
8968
1274
5745
1095
3975
2692
2051
501
5375
5584
3362
1896
8138
4547
1812
1054
8666
8391
3866
4528
4218
8359
171
6248
9664
8808
7868
877
5992
2277
8485
1219
3641
5564
2572
7046
1572
9451
4223
8138
1339
8232
6654
2055
4117
500
3679
7656
6984
8677
8749
3418
3838
7358
9755
9525
8953
4489
7245
9572
970
3771
7695
4538
4293
6997
6029
6994
9343
5264
5467
5215
1321
7715
7126
7995
5410
27
8714
8675
7066
1056
7802
4410
1815
4690
6685
2249
3441
1332
4538
6692
8820
967
1662
1461
884
9121
1944
5753
3386
810
9725
615
1652
8653
2202
4170
4620
6532
71
2212
8822
6427
881
2200
9248
5575
7610
3513
6357
9194
7711
8915
7370
7426
6426
699
9687
1151
1709
4335
9846
8010
7951
1052
4457
6441
702
3595
2043
8382
3869
1830
3458
643
5306
4312
2402
303
6346
5881
819
8341
2352
1722
6331
425
4395
6398
6812
7825
2560
1742
686
8422
2360
5772
5893
6952
9158
6601
3002
8840
1963
2932
5771
5278
8153
650
9830
9159
5110
536
5044
6663
3661
7714
6064
8733
1554
1576
8092
8968
306
1330
2755
3685
3104
5468
5991
6941
7934
3004
128
6602
9075
9873
6865
5683
5191
8593
7156
611
6692
8746
6658
3365
5998
7217
3273
5710
1341
9718
9302
8767
4457
7421
8914
7079
7663
10298
8553
1614
566
8889
4684
6038
1964
7318
3171
2991
4494
9004
507
8498
9005
6827
10393
480
5531
209
7988
4503
7870
6074
3227
8719
654
2437
6324
5887
3821
356
9086
1664
6130
6028
7073
2164
590
8181
198
628
2739
3294
5801
674
1178
355
7134
9852
8840
360
6680
2678
7931
5404
8198
8764
8954
307
1504
7532
3874
5622
7030
483
7374
10459
9548
3308
2945
7079
5862
5644
4455
4734
5878
3784
594
5799
9098
9697
6606
5982
1953
10346
3286
569
9563
4161
6944
4782
3427
1942
5046
6849
10412
214
6547
669
5520
9020
3822
7575
4835
1408
4153
396
7427
4665
3916
5918
587
4125
2119
9787
5068
5481
9014
4399
6893
9510
2523
9146
2341
3628
5585
1597
7918
9820
3871
4650
8642
225
6891
725
7981
983
1640
3673
8727
1173
1026
4619
8617
7198
4640
9225
9066
2774
2682
10416
8199
3569
2617
2750
5417
6642
8795
428
907
3971
9744
459
5959
3001
6049
1436
2978
3480
8478
690
4836
5338
7787
6805
6533
7660
2786
6482
4128
7994
7372
9883
3320
5725
433
1864
6588
7792
125
1871
1260
7876
10624
4040
1273
2421
10096
1137
1781
4718
1522
4864
8603
9543
511
5066
2329
2185
3539
8982
8471
7451
6787
5601
3927
10317
10010
5576
4857
6162
765
3829
529
245
2193
3689
5119
7966
10249
2074
5261
8832
9612
1494
5864
8684
2181
3072
4130
5905
1845
7907
3288
772
10263
9994
861
8863
10990
7435
5653
3891
3237
4848
2650
11007
585
3972
1520
9405
1930
6395
5610
4978
6763
3711
624
567
7863
3697
11083
9776
1199
9602
8294
890
9024
3530
8907
1178
2308
6374
95
3981
3515
1783
966
2436
8666
2742
3753
9656
4085
4358
6167
3315
7137
6009
3217
6615
3852
10221
11043
11210
5236
4408
7473
1287
8214
10024
9154
4290
4256
4839
7174
2621
2953
2194
1639
8031
6231
4338
8349
4813
9536
8254
96
7044
1685
9696
8232
6630
4205
2676
5493
5786
3162
9933
10904
8754
7905
6379
6059
769
1846
3349
7300
7856
2677
5405
9582
6789
4008
6386
8325
1115
3093
8043
4107
9778
3648
10892
4352
4812
2576
6440
6236
8065
3728
5033
5388
10628
10593
7112
8578
1903
430
1409
686
11074
2921
4294
1856
5686
704
1549
2954
8360
2979
3641
1668
582
448
7783
2268
9035
9374
120
6093
6764
4918
4471
2284
7555
11222
518
9292
5956
5017
10836
4044
686
1036
9001
8186
8240
2513
7006
8916
9543
3657
6604
4134
5506
1798
8732
2451
6271
3055
8241
9104
10494
3024
10426
613
1812
6577
6935
8376
8506
2533
9123
7022
6604
1350
4233
7119
2794
3030
6647
6492
7328
8057
8317
4615
8497
10694
9938
7327
8175
3308
7025
8566
1637
3938
3072
5792
1971
4656
7086
1141
2440
9095
5819
4485
496
1406
4966
6416
166
10067
4246
163
7431
9098
2775
5542
668
1109
4496
6603
6947
6731
1085
7462
927
5612
7466
8264
10984
6500
7976
54
4931
8323
1932
1898
4445
3870
10710
7338
6284
865
835
10350
7651
6628
5983
3187
3213
10977
5625
5425
8100
4693
312
6005
1448
4602
1574
9979
10678
3958
1337
4596
4951
722
6413
8073
1072
10541
10673
3800
8736
8390
9120
7624
10374
7119
3403
11983
7239
7307
5775
6153
9734
5491
5949
566
6022
7780
6171
5896
8492
493
3645
6278
7147
11262
2940
7492
9702
9843
3177
5482
1144
739
2203
110
7832
1347
851
37
6484
10456
2131
8446
7850
7356
4686
8772
8090
4331
6317
2483
5395
832
5469
2683
9331
2809
5314
7036
6523
569
1953
8633
1074
9324
8683
2285
1699
2576
3393
1630
701
8531
4920
4095
6259
967
7909
7464
6674
9949
5866
6346
10546
5793
3733
3011
924
5626
10658
719
2675
10437
4618
7566
10340
1358
9429
5732
1816
8375
2742
2653
7016
7359
8207
325
2415
6462
3788
11532
1608
7939
405
5200
3456
5095
8442
10741
1805
5164
12044
5576
6619
2848
2278
5604
10953
9771
7140
6418
11743
5070
3233
2577
10815
5746
7903
5607
7109
280
1993
8619
10749
3266
7544
8372
10866
2177
1649
5073
12462
1209
7282
9994
6593
3858
6774
11018
5988
11465
5805
1645
2528
8566
5858
2139
2923
3303
4963
1629
6846
9133
933
6859
6813
2804
9178
852
6361
785
8111
5
9334
5476
8784
12522
709
7972
2698
8321
1276
8986
5675
10752
4068
2784
8510
2091
11408
161
1540
6919
11630
2452
379
9487
5683
8379
7686
1304
5372
11102
7183
4356
10827
7185
230
7145
3732
9948
9585
612
1252
1800
8867
2504
2568
2178
10897
5984
314
3290
12252
1090
120
10343
3865
9125
3559
4938
255
11187
2045
1264
1863
2077
5002
5924
2042
7510
8493
2148
229
2051
8885
5794
5025
8700
5117
2014
9412
8678
3693
11961
8992
3374
2377
2173
1071
6700
687
4184
6323
1317
1364
655
902
8366
6277
7137
3316
8882
10658
9954
11441
5201
6117
4363
1020
6581
4855
11746
3155
5291
5430
2930
3333
1188
2288
63
3945
6647
6395
4743
7044
3193
639
8011
11127
11582
2635
2948
3299
1816
4343
4736
3615
4419
9267
6365
983
5574
3456
4544
9991
3596
7833
11677
3501
1805
6344
3763
1412
7300
6352
2202
5662
1361
9333
340
11393
7455
1677
8125
2385
8096
4023
4580
4863
9140
8176
8439
10385
8838
70
14
6302
7548
2398
5883
4830
10281
3148
10082
8916
1838
11241
1749
1447
9821
11999
275
907
258
6314
8000
8417
2137
4543
6328
12945
9447
740
3761
4959
3787
9248
11022
1972
1373
3921
8034
305
2014
7429
2596
5287
10109
7966
4436
12842
8256
12826
3734
426
1287
3812
9973
438
7869
971
6307
341
9315
2043
7975
5719
1094
5513
10167
8828
3859
4340
3551
1308
3497
1165
10514
10138
752
40
7311
4522
6693
2963
12110
12771
2767
11046
11225
2602
702
2507
557
1122
7677
4990
6073
6417
3514
9717
8481
1241
1485
6871
7862
5029
5608
52
9442
5408
3377
2075
3286
4404
13204
6611
668
3477
12599
8999
11018
11719
901
10457
3934
5568
11132
11152
5135
4569
4458
3563
3220
604
1713
9241
11844
13451
3492
5388
7133
1864
7353
3591
9185
7437
13137
1495
2166
4594
5135
2240
11345
8375
5357
795
4510
4074
221
460
4441
3494
2659
1278
11592
12918
13412
2409
8811
528
4088
7827
12156
5370
3569
7187
1333
6813
2917
7584
11166
345
3130
3719
4267
12090
2558
9586
2325
9645
2146
7919
1260
6541
4128
5440
3437
10209
5875
3370
913
13304
5164
1757
10518
2245
517
3100
4120
6222
4702
2307
13226
6086
9060
6134
5158
9789
6797
13034
12011
5365
9814
7990
426
6409
12072
5210
1315
1468
8933
11656
2412
577
8128
5220
2242
11087
8471
4912
11247
8519
9213
11084
4940
8886
1540
10564
3088
10082
788
269
5832
1707
3512
10694
5528
8513
9676
8137
12226
387
1761
4680
1794
917
3676
664
4490
707
2504
7732
11827
2800
13453
7496
1339
231
12226
9675
4144
1747
6391
10167
13652
2800
2817
37
4479
4557
10321
10603
11531
2309
11658
949
1230
13801
7310
1881
7157
10554
5834
10796
1358
11631
4243
2390
3743
449
8261
2975
105
6692
2465
3103
10424
10033
1440
11385
3721
5779
1859
8646
5260
7278
11533
7669
11016
586
2947
11595
9051
3664
1264
13562
12326
2671
8990
472
9671
11073
9256
4795
6825
10407
8554
2731
2298
4334
13148
13099
860
5565
4447
11620
1534
3692
7318
688
79
12289
4535
13
5204
11890
567
12798
11529
4022
7181
6159
9861
7652
12494
3542
6699
3117
10316
9273
11556
2754
5752
7312
11455
1652
8532
9421
6378
1069
10854
8975
11333
6742
1447
11791
2423
3806
6908
11061
2753
2190
10065
8911
10960
616
6962
12746
10199
4195
1321
2845
10876
5539
13238
11574
4925
2191
7675
5255
8430
11607
11591
1849
3997
12432
10351
5387
9487
2899
1244
8907
9321
12349
12780
1921
7664
309
11049
92
4245
98
11304
10583
3468
1884
739
2492
5660
11124
9299
1223
9020
13987
14051
6421
2655
1323
4441
292
5809
11963
2570
2462
10932
7948
4581
2331
1974
8915
1120
5638
3257
14406
7383
1620
4026
2872
4097
7477
5839
8494
3323
4884
10915
6191
5533
10253
12043
471
10774
993
8598
7977
8633
9071
6252
323
3051
1692
3672
12575
1137
4830
5083
2307
2873
12400
1904
5127
5286
1520
10802
7909
14116
1504
5794
10194
14566
2121
9066
3365
4017
10654
5126
7168
7804
14091
14348
5930
7261
4096
8359
449
7319
13678
2635
5095
10794
12902
1141
8707
9521
2850
13285
6670
110
7497
3299
11770
8732
3824
9290
11797
5700
5992
4969
3859
3835
10894
8936
13576
4362
1665
11579
12727
5863
1581
12386
2896
3229
848
9425
5691
4685
1519
4388
3060
6454
1218
3413
14666
3503
12234
8628
10014
11053
5462
14408
9875
1501
11558
1484
2344
6199
7103
8589
1757
2276
19
2086
11160
1671
12732
12779
13428
12448
6526
13827
4909
4499
8605
4496
2750
2048
6623
228
2812
14485
12692
2697
3878
6602
6875
3628
878
5999
10409
1659
3687
6711
13515
2116
1014
2999
14639
7853
5241
4952
11612
3186
14113
12606
4163
2132
13819
3357
13719
9839
1261
10062
716
8998
1064
8226
2301
1121
13635
2422
2908
10263
1298
235
7848
10209
14170
814
1040
11262
8721
8818
13557
5433
7514
6570
8357
217
11878
1163
3803
13143
119
14721
8830
2677
3226
1896
9943
12649
4786
8275
1125
10631
112
4687
1956
6607
13713
12418
140
8134
7427
560
2085
9988
11855
4020
908
1015
3391
8179
12755
9862
5485
4287
716
6416
11365
8809
1653
5973
1087
1172
4808
13725
13055
5939
9817
10892
9818
12640
169
3566
6424
913
14130
8012
11336
12787
2070
9758
3985
5372
10022
8930
908
14919
2213
10541
6883
6379
3446
3273
7029
1051
7093
8383
11218
524
1611
6198
2812
8688
5104
13276
1554
4478
2149
7643
12669
7566
15029
14278
13654
7503
7388
11129
1143
9856
13284
10518
8483
7754
3952
5490
14490
3285
1682
9047
9861
3714
903
14999
13592
7861
12677
13049
1995
10566
116
13755
8181
13230
4028
9951
12201
14869
251
13130
167
7207
3301
8386
10619
7333
12356
3406
3222
11847
10724
5748
10892
14573
3728
1758
6383
5833
3600
4269
2357
13022
14667
9306
14921
6523
14545
178
10149
9619
6546
1280
10316
7759
9569
4873
11697
2478
11430
879
9939
11128
4149
398
8366
3816
12641
7955
10447
10081
6142
13921
7273
8941
12539
1366
4801
14364
8501
12533
10741
9873
3425
5697
2368
98
15407
6707
14560
5528
447
6155
8825
4657
13681
1365
12724
3624
13858
4322
14112
722
10036
13307
1377
13462
7565
2065
3379
15546
7650
3890
4349
3226
4756
14364
14585
1263
3228
12264
13529
192
9541
11268
10797
10686
4535
11369
9605
883
8585
14914
11932
3979
2874
13701
1871
7443
10504
6161
11068
6268
15725
7431
5300
9271
9042
10389
11722
1601
15646
14512
3438
261
14391
10321
856
3361
2195
7778
7092
1287
6945
12685
1898
4025
2396
4933
795
9337
13099
15601
12830
139
14907
12710
12979
15019
10501
1684
8790
6089
11471
51
5341
9250
4767
9722
2661
4326
13832
11840
490
8183
3712
8123
2424
12582
5080
1349
12390
3318
2266
7717
2982
11456
3832
4573
1249
9919
1937
5377
13265
5350
10673
12473
8997
11306
132
9586
10873
4146
9544
3923
6051
11531
5005
7958
7018
13905
7298
11532
5594
8238
13880
2696
10264
7726
8969
9238
15319
1504
3362
15044
2954
6173
14956
5658
11054
9360
694
339
8316
10800
6652
7315
13692
2670
13522
10087
12477
6795
15894
2017
3299
10200
12465
12732
5696
4627
4290
12984
5127
12655
606
710
10441
1849
6799
10174
13609
6558
2791
240
1145
611
3201
4425
1514
5800
13510
5010
4793
9555
3878
15438
1703
14279
10546
11004
12690
3812
10699
11267
9486
3547
8750
7149
7894
1835
13953
14990
6262
8281
884
2829
15476
16090
9791
3275
2226
13407
2162
9839
7848
7392
5657
5242
1774
8915
164
12380
11639
7626
13099
8975
5669
16199
7159
6502
5368
466
12100
2800
937
3658
1861
11063
1494
2937
1486
5282
3999
3050
6365
1027
1369
3583
3666
15629
9730
708
3328
8001
4010
3052
9451
3363
9524
12411
4709
12622
1490
9780
6868
14542
14475
15972
9909
4712
12425
5992
15585
4295
663
2292
992
13908
3451
2265
10139
2191
3847
12977
6511
15105
13295
11109
11197
1649
8497
3396
7326
91
671
9360
696
1694
3575
4208
9682
4981
8117
5874
5204
3496
6956
6947
6466
10192
3823
8911
1404
11016
486
5332
8508
10209
1426
3718
10623
2969
12470
2341
1450
907
11443
13581
9336
7194
10875
9171
15902
9890
3839
16219
732
15279
10387
13855
7402
11629
13789
12380
16666
15552
4293
3406
6444
12373
2903
4430
11960
15841
3499
6885
3218
7332
15356
4850
13162
728
3866
8824
5940
10200
1394
2730
15444
12099
3475
4991
3219
13957
2132
4944
8487
15871
10325
1741
10343
582
6040
4612
2033
9922
16834
14609
9854
6108
15300
14644
4014
12210
3207
13809
6082
5885
10771
15212
7280
7811
243
11119
3650
8379
5845
9988
10753
4430
15634
10831
8920
11566
5613
11789
12381
12740
11427
8878
13331
6218
2250
11109
6848
11791
2187
3963
2988
6138
10479
4934
16909
11441
3452
16164
2257
10774
3137
4411
3476
13555
10128
10074
8045
11119
463
3139
6275
10432
1963
5767
5821
13121
7661
11457
7074
15335
15598
7410
419
12220
4360
7267
12515
4180
4598
3897
4712
11896
8903
14082
13955
6519
330
14274
5578
6159
12996
4763
10272
52
6537
8096
7009
6535
14231
3303
5639
13762
14200
5941
14033
4894
16329
6372
10687
13772
16681
10513
11854
12712
13557
2646
14081
2531
2642
5456
2009
11008
4147
13378
12722
2801
670
1314
2219
9639
15724
6003
15309
4376
7588
13622
4403
2323
7963
8440
7012
9889
8668
6517
7227
9962
7885
15486
11210
15229
3984
12825
5673
2293
3496
9087
1175
3624
10466
6324
2749
2977
4314
7822
384
15169
7731
16575
17139
2177
12837
1221
14250
995
3801
9379
2310
4298
6265
14927
3565
14351
10598
6489
7586
14293
14409
2469
7425
7543
8265
8195
7141
10557
28
14431
13622
15557
1601
11486
6384
9427
6414
7026
2372
11738
14054
10668
9802
9124
15332
15057
6257
1183
3871
4309
15653
7390
15005
12387
15479
16096
12526
16752
2662
2507
9116
985
13469
13244
13206
4438
7697
10085
318
40
11050
3190
7372
16728
125
12140
7602
2041
12769
16311
2178
4933
10456
3823
1789
730
16002
6346
6598
1130
15245
4143
7538
5615
304
526
4807
11115
8426
7535
8607
4622
8451
14080
5970
14470
10455
15334
12811
5153
2234
