1000
460396453866473090 920896111509430030 508875197913594517 844920044323050681 613441249275947463 
537299864452429026 243391474204857679 306353683481700188 664914355114738225 876199209615505406 
413169576196465073 948779125697678524 571265746800143428 694289682250522319 598054760031588604 
919880627249113541 214422893970482358 631880815184456220 52586725724144171 983195289057277096 
654080913810582326 68532264264727686 106930904902781541 960961361930989329 990535434451828945 
679476103856293839 355355150646608410 808166282863167034 313397886109477726 490101075219048562 
681630463313063222 66305567568343321 88146384859918654 398806377551878646 812478709774758382 
605269354431161800 758818275771428709 191022819968293954 467820593646029072 534794895883954151 
663875033403393602 913785575778469087 980210168700747878 324205730884185354 127036636597196781 
892564547810026466 139174257198545699 682756577993573212 618802243663429251 145869048428157330 
527325011758656070 600241801837600732 251461692205082458 489873733658134289 526513126561032603 
738347241778278953 487195057657358009 602425487774269250 363120828117432048 605526067405665445 
613248564064376811 646256114591209125 87765266510542272 148335171872257391 604621368370835430 
493751420815666026 413982097196033905 216745486571416286 472767397506930827 473980968119631513 
528402442759614204 433331504408581192 515182772842776925 317602709875250032 590704787729224079 
85693490633207102 888727660370252892 442438627997077980 613425721455776666 954227815722796775 
560879289122682239 129624949324074935 969893063176055879 892351700998179688 558754107401623397 
416510688290352878 136212415467633083 728855545033159088 192225403488044543 142439635897179352 
90167690271415249 249856656005160140 159836451621635370 158573462879148522 273334103116462833 
704250050699208693 320135633588497178 398135011946863333 173289185879407606 143222789109864450 
587902685859093617 784769583232230895 767840037725157522 823054575750595120 595775577629160456 
366510169113323129 908029147889231667 638922961888842423 371655722540924195 445832100484147656 
464687667530759794 467535342106146541 41751950117522839 311503144426572037 615241769065991794 
455632897719977272 835981435469450961 532689758905063506 895916891449185177 507047908810803087 
209751773519765908 919553499506893769 115316572009605682 18627203856831030 551664920066789295 
535703092534388635 723458788888999550 407583149760294613 286236029406063452 378100395240927851 
662610349350666720 412930511032717299 837445378808118330 26710790940624611 832562866444158671 
600222618396393268 114643107854687718 453731402812232671 32071376251629062 239019534852486972 
93565203232837247 239749487422859474 519330035893530109 673395478754979818 782860531662377052 
694729957926393435 120052429008103116 754856601911190798 858911828762660046 36228055955896448 
23918836559703758 166841858396152961 137074985195253289 463820985215132690 504412524081837441 
529186785604981299 107295237372324376 278387125149735669 155291265255277753 829780793328957727 
964597856091032449 492532973678401766 691280370122041260 384960792216215100 235299742389192275 
486721257391018694 743241507200919622 189148934338929012 23754136853746145 124168613514691415 
603546458537295913 953533960906436239 269096340220298691 731682921841687412 255381112393843493 
716305534797802832 373876526745423995 295803119958035625 703897652597679596 669110838143165387 
642879980037926416 641006319350519049 621008867583908552 728756892915089791 888715312855817107 
316189674182897516 357643354228424534 552149772535317670 550325388429622586 579939718289117910 
690030693988582637 582892125776473545 720516331304920830 433438508188709864 546088847910066741 
956586499296002553 780592897179121277 72003836759254455 362435118221606796 868216981586131822 
435473275386131026 357946724712946382 56381104842056935 128862551762582840 497692877805664942 
146253815482765581 270945262254934908 186203909514384573 572028929905410963 217130818904612268 
964854373782874667 236403866934434159 372600328606629479 218460959342845446 116069067018855039 
600547723943337043 323992345032973686 734526681634497352 129024013425301556 752166744014828894 
959732343785336223 219924560434354332 88427258023740038 40501563551991979 592092353577551792 
635874551909904993 881519034933905469 769921633504185893 787308928785959117 926809827817553968 
719550278332901726 868281403256600510 231381964478946521 759155388972438287 841641783121722042 
972308974806346519 626658366972395404 828962359864497397 567598736181159603 783015129235835608 
516481275826311183 999070782982235077 416766813465296777 213595298671271393 812754923195877109 
15048892393964014 335916933859649306 183265313344986249 220084131598207648 479218825202754400 
96250900787137618 449509066943119855 578129808037571240 648225447177550383 769401074944346030 
743987445812067787 41587565349425800 985202254802784749 252527688236006817 957671468559977280 
768469975068221175 187191857547302964 255568599463054847 78510886655034141 972074523431883571 
580861951670201349 298672821967442517 49916270861833283 405449037919672241 216428893414865400 
843197078101008975 838681723796045320 316465291776773934 439734676271240360 430881984202159759 
844878449093740456 146658476475466701 503778633883897726 996887774662815988 970462822526419819 
318124854527904193 585937363047196292 582156733794836995 663208972297832063 314626507098983911 
667127547083764862 616083699165363063 163638908691960357 957398790932460665 456585464987505855 
265753421083296077 969336368227932918 15915984077261582 497559290872600232 263721748728979965 
144423961906481120 354409528883081710 989617032348932665 816469497752232556 329881547501456592 
413352053395275044 944893821501433103 124611761477455879 96334386024465966 338715566042859145 
188632014655765429 913162338644186544 128861780628492752 648302481008549836 26093661402293461 
367547109374785595 521082762833723544 116230757217551057 859753017065541308 384863752989047433 
60987376763411041 489976806201901956 501874729359757821 912698358948996262 484566352911454853 
616854797945288697 102709994648864554 983787674427278607 745270360779799346 847885843867865581 
368403097262087009 668331464236267899 373632939972529954 742970173637421896 151761009421436568 
165931581498558693 353605467150610234 113362931428457597 426440898652620763 380457346395564490 
969202501624977383 858042198235671755 726818593390319259 860353552332899834 916179812959512714 
853753328488989809 490887532169665601 22483451514167092 199221973293813560 296762571654431483 
116289235605570440 457310177707868397 49824711534693901 149307084254101362 444380884001456008 
394337395924104932 505947986488523511 179390538569414415 287625297854524867 636352606264170340 
200696166029143454 793714350755327740 312546994728233986 906909193078621674 471227950969306916 
207353964151426723 372592542604792485 343864679726024027 23548277271998393 562771360312372823 
223470045903480235 384371861466101879 113226967193443129 649700104154235465 32959356627904913 
276748708058541451 319371175551122967 105511899194754202 500195668053837431 625855535156586595 
986304416495301571 600342408227282781 12260989236501004 941126794398753609 382585719277285771 
913756992125472516 618412670373958996 95716985853112581 779216081951339291 24708526790978779 
99992158073544417 137515192793751934 69112428576057672 312241316535158377 574248714363208408 
654593193462151584 987143141512167635 490069976993171933 376919563711330331 809558144954337972 
816228893885645230 216616808121289188 359264557676581293 575914012126141646 699296399910174550 
180233706269324384 91323157601709769 144730567167044214 23905216796545840 981317883736663617 
999167505037284129 279702484993607256 594996666254402908 212219674798852422 719307167231724428 
231288278415141953 395554932581132840 475143674227322755 487426397410671829 783931235479701739 
977613852580722255 731731459740200167 164532405984996941 134897747446274788 481710295862996648 
650132895630746458 480099455404719598 465702305608634976 960704752094532094 687270602453969616 
91340679203700947 431248499467221680 518177352383261982 148896176864637889 259007159015317958 
673240932180082179 629575618752609812 691741836173642490 742422515360709060 750609289794974742 
902905627276518942 966118937975995243 458831779341720363 878965046182715842 755895552139444910 
468292295003546316 528299107898828515 724827713851887867 377585675226993247 793259563263610823 
622863706282211083 120782805547106138 986539133385746375 433881737548086395 212469357642842473 
73896492100814010 611859829443353111 375540976315854275 318760896361403103 603744229768877418 
877382707576494015 744550427627416302 282226169423196501 724427321463324466 859338006319976456 
572716800220209585 757137617387287897 301611436482944538 590491694886140697 64804786098438150 
945220504812070808 109010984750361914 194508451484317376 839802910380363853 114091403102271083 
483755861920201491 191565536222977252 432957377270311833 116714822052146594 357079554994595530 
405708896136340285 609338411088657484 974214674498641660 991614838957884840 78454546271005603 
403173569921349728 863735836100959526 385642936446599347 115820380031616636 327341277898064229 
739912479680032284 310762956499774704 979569383960266084 994496058113701965 247326266236324622 
413465117430214552 861204083551574949 479210787822659137 440866827148964315 867168031084171290 
902974042831541744 182113416528981810 868998426949387713 880624204295929219 256957267869500169 
45448195244124595 743042763236848790 927724033031851753 507093961961430721 822640710079903156 
707536856500896157 395307094628886640 848750930843338730 281182010632211808 113504641297392709 
433482360941715009 916305342301423432 28431960622838443 703097719555711546 657273045665462566 
676600601549920108 203745780904961662 485468327518770795 151148978584668334 340532937324588577 
41119890484830388 952761906727155949 107480832818540958 411875220216159582 137026814150401526 
613692805886660699 327911998850435684 474149044910496920 358306330142351793 845216267670765970 
625015235637771767 34740199129897347 685225639531310671 577623351167866228 849719812235955703 
583627945615721994 789627363462101026 433470099982008663 268102676360966931 335813047366209583 
466122217212147959 814250608294794386 528000635979987776 752656528196331984 800084497789369841 
938135236650656909 688325633427741427 959320108337074235 900691389779001869 345384589797295368 
778184953682656178 970065643591949850 490914240522537620 522116038169628849 257170978465608879 
892495572930197502 336571821756477668 504174001312449279 205096094691735871 477729607812269980 
933067097452629572 851207121079967639 916497424512241932 396988592432160952 920144845351613270 
404207307968888547 31534172390388667 811301619811280965 739907636889078985 368368517934811158 
767847471220294060 259678125876894030 461081267637871378 162239565077972503 821766413273601015 
688942142646813084 554613997382948101 381305284515213102 859961648182496046 623399446871975589 
731844969457817550 447763921933779844 420169303922308845 231510440095120936 510553724168496622 
133432209927749856 222036869955206347 44889997281017301 99030898612583314 132371097275346763 
969414383965911666 168431560267332421 312307058075087993 413690153624031450 348841458716278832 
130249658148485438 144507866175874438 353488602267743186 665639927887886813 599948340398820234 
494036075000183954 577879111572452843 729823008940190452 777054659311557411 503082146551055721 
925639243256803631 210984041346166308 679114299892129395 162878690849828292 479232993095425792 
473531704785756581 978735015796446893 649327443452577065 427208063354718049 768846940916662147 
114473156249044491 830403498222823618 174486561291501972 904438985060502931 246551277599128667 
503727807997379474 687177223052725995 434679768643277839 625751421817066765 34808482556768299 
265873330268079349 136893679491355913 908190928126244698 330612051140989197 749290655688717021 
729040820239118565 527324980983719934 564785952936589905 224195678358870872 664210712718322731 
71964268185238106 717272238804525446 791274252503058857 61450196037030023 372422126160206376 
362347947348655822 216256502821150907 564847088066243294 431643133458813180 739450569525009391 
237059610835634711 760994190449045752 355675820705800341 480218365309097515 184406377998027010 
322758864953431068 956651829773407931 806377314959772408 269371855460559569 143476617029389799 
493953914676277677 410211426710349855 350699855028241029 962532267963856283 727847763837876303 
71450017772882267 686738586737885108 353979484453140295 259176884914670673 371242400598369321 
756279409785675906 947514539906796559 374516253891108852 232801802948917171 762765121925625067 
542504258894185862 75050154553544940 572536207337214604 410456215669224253 386871791246624784 
464098039391447964 129115975694750695 169856066955193703 875291649686811875 175810234798015672 
347362685050029617 382087244067579760 272246067358484219 364261128863717603 190905259969767585 
205713930403733097 578502780595618854 652431383286709957 214272851029075718 850948957682973502 
79040024188974337 928564859384872496 80048512743205570 852906692038830251 212590254510670853 
791429557405325916 36870083590562576 978395328423789573 459443990195232012 111871335110376129 
914240326707027763 933981670171106669 536317535393426397 235723419285606631 235524195163014620 
541012922619454474 213556174227643302 332715142664723150 110546516642108995 792195632236703594 
704941105287380886 726665422181970955 294027125398718426 933024817737038510 734897001175032831 
724122804797439199 212738340221533040 490351635758456783 151176497739024533 969577810821763464 
823791664113003262 525461369329312419 932100747869390290 960092867159417470 30778195652985297 
729447484385327777 76568617695369407 709310482351621993 970376994182187698 92742141273878153 
99802915607008742 273205316024071240 321204818863418538 293760238596745027 786389091230425481 
291719569014385421 603387320055458515 412434345333531036 936177272208922037 935026327183712679 
276069042166450867 106486321676392740 415913590634617350 427088488723554999 421102120524159902 
938405292322244931 853531971338387796 625792443181601363 382436014148285899 713134620247371027 
367136542385914556 838166311319121913 65615606405446589 586034409758146088 858366736205567974 
60792667656718052 486339428839927702 375682176382242300 896118729018940752 167303852193138212 
548493865776726164 986125696215354641 482398465305997971 479861857210169564 689761405969764305 
344904176976312790 395118033895014711 787066903846534092 604436450128770293 815977295908796263 
56896604155470525 466460914215505866 653148631035060802 242900902715850400 947452819295535699 
813104440874877376 89182672073212859 488854986513554377 869448212170402235 947309886797009829 
253508421668472527 686639091151460716 939580677294520596 329229285506437167 52129115519428735 
488583002594472337 375397090063236004 733231945858407997 884075788647153378 969694980424654360 
494314558673145057 801789103657434771 358229648404594739 524055867245681804 446837935856335939 
950919256816968496 85131939565346075 71389081751203943 357862054925970343 163950160140300396 
256186007990778811 907183898221165975 407147253000022855 782539035355027026 228535597895795630 
73126272943121363 445952130343168720 471451826796780916 171371666944040171 589121476933885790 
212449820106483619 362990840925273385 276176842987956264 310286724237734367 912606739390842291 
669999858626842017 239326044322553556 946513396440438601 555820666551546439 882444761160542312 
664230143464021998 23621101820439016 681557744244693476 962984900798824775 644463613866537300 
907265999637520227 685198798505952832 749848677054909767 28201679310977200 351886356024000732 
707764852007754167 64834113414278511 634270009904795225 374573658616690500 591038956198537519 
957312484795658637 100792108151484045 375375791168417616 232382571821359259 258666897147761240 
455466816481723794 741289544811232803 933946539107662987 969255770311531406 788578209509602274 
795641802630278140 668743402898216561 946939851029066865 712858740395300759 892787362138853264 
14778628290069230 893233289841603416 172396212062127957 122902221561283366 729563392175379332 
530947453234293760 549523118687063885 416742207016449463 455442249272990295 94030391468879559 
160994287070280175 626811266486632575 762216448018921299 179916163792007409 99425102062070024 
920873613285467875 292666143621768012 913907673649850340 816257820741964914 14613434844871166 
58980651205669915 696529455796901522 616709513734150411 410531773525593767 674493011420950983 
821832841261371905 199413448778280538 43507245651817125 251978808017845080 555799728250570175 
57181781036942543 500816466407994755 612022121677149180 816581080344298255 993923653096600361 
784245040987916090 479359180158190534 229463947669034573 705490417564811115 957533076695572242 
460100531974849278 844954964768281722 467328733610377473 915754036586721934 531111142184010263 
662582990222277517 700098782168905117 656176959371997901 377460579786760465 186408148453589883 
85874574691764967 844362962150800638 557295249767025951 975625419123847850 178463937539655550 
741724601695673524 814380905164276369 497320356566809266 998423311100666594 801470055048698391 
983039640049188352 767896597311510301 161247526468041312 785465075309548804 76942229216751999 
644498465018564914 141721125687043654 674402428930514121 782196351423516168 228853634751295285 
41653363882764102 278920294699144513 403752044719504715 31833611052345781 952078746393309985 
302369249357634148 551326313630664746 452560368634723971 451932851350675832 126495504187777267 
858410339319563829 238160290626685987 920458600466012707 174349496458674600 739928087099203983 
184373803290876113 639726677732067646 140604106302109216 598483811873416310 62065391164780506 
887352244329113755 803004709815458495 144341065188755662 121067706618300199 777177432720928556 
608450849287988096 251388263971934129 781430328170494476 643753936211475244 805277263410614293 
690146337728908010 369196197331442689 750117330020753876 570074683463121367 901117863704089702 
659022639843710225 409754009769713708 865835881841408136 911995335788632705 857329697802022721 
305383672753696909 443487878012153773 209678910214734575 439259441703352416 741913008964656152 
324274681571613999 824900895028114198 647976907933249657 169433069491505649 823782690298925958 
498060189773705459 981806149763468944 250086997531287675 906169308526922203 864452071486836869 
784911700686087461 524462574107144246 401562616745475042 737187146859493985 405444579263420115 
200537691120570413 77709831740609461 688879706507764844 355772092173467834 465482823976085999 
315277552312657529 687986153183511581 731937912237329888 912399369628724998 599473226696615567 
130967564058435400 146432058246719341 905303876440664279 798128132470319278 557771626609495235 
110123092575963859 992562528681164964 661402925509398748 975444662466530048 369477960422540831 
42819748258959189 93259594023225358 957944817804212254 491808339523125977 344640450398551248 
611334452498660375 767681038436348872 514013872522191178 535045426772087103 492622610956997572 
629905724899186741 953494952825156499 864497462576451339 274832692351796588 723224529963065759 
237934124135985234 70244629318700465 954110574301895439 519893311513552429 564941603385044784 
696118133824106086 406484579558550614 393933697115258255 640274039223181009 498398544818628413 
736314615343669260 10323672857213459 163165657474450067 145316828347586623 746462171798022219 
568854898293431409 958582328803903887 876414117686348049 135655563704842183 598830927852522537 
227373457091719812 483742355256107945 975172669562671867 642133304320694468 225690932118628904 
632276410220042949 105705945233077781 198280495790128152 801228113569866189 461828051986841693 
595235287509979399 800970207644042148 594094179837717792 983094527175989310 20808447525129574 
237166611363023970 73982892806307390 844396126898154890 834945327729426205 732537426528902995 
215962767588291455 850290732759536030 521883059543711209 154919738694849384 18188101328047801 
269408469747245447 144096396497608740 619175940871422805 518155889734445518 820595630697581593 
627939411831753821 678217180772925562 857137453024017391 749790422303805217 31873939044359925 
506687139941782512 267228402248037871 883484380054771654 525296530192569763 425994661202258974 
216999106468649334 897242634088032951 849541049282531363 537439711179904632 677730717117869453 
888819082453984221 84854307073204699 334676146763431125 911174010089410488 353843407936463662 
263421290606602362 941977817835154518 612961253410805455 538890568156947951 161520583583966630 
735132651357117347 776845153245242106 675300772285647185 671302175993468192 791634514223389004 
826555018605109069 978380531679262570 87426213595355506 196636517667205646 526170029209235576 
576671091707827858 171566132006810179 201681897332508473 252888280917720630 917825753659855863 
681562977213891549 814576189274871297 777108808474146927 417307732234760750 782395041015766027 
735463851622597852 344099112919826612 132733051388467705 638501691494249209 935257755934690570 
907832109339931356 933914265400103469 46896030513082200 720525046943086370 103365672451727417 
786019015809754885 460412597290876286 162463495570803362 362292497880243767 362681189349791701 
948959844585247939 791255199961988289 279873890216660827 811790006782620992 274159299024499050 
110921299090873474 191059893255024497 465716489927296936 197910332382062847 383260942536840172 
74122726739260658 237906594364937096 587686859294223425 517307830137079548 224750087731819791 
721431275417390344 116217588403340951 466915833273606516 231065902213623097 109007348243096941 
66099169185886949 309555926524100558 997575618434949376 647100453647426666 279049011302272683 
106504966801065293 75825013446771770 125820913836017255 579782826331677677 891164749950387645 
878296496747397142 123734140068434858 142985553039860920 632007724085281672 176665697438500466 
821677698373887294 138299138514530941 968279654660509990 829401875141930243 166110998217245750 
705023091781539814 971291736921685435 796424327870548287 420005510641609747 647346344219797142 
697496634839089267 62782650402109888 419491251503133539 964761077167297354 723194760971003760 
747264091423661843 49215266279439076 62833741800051629 193173910878279353 949589168020169598 
465397248167816730 381158632277376974 123293591387888995 330402766339725504 291244332448484755 
845157829584222131 119245184344560407 945239413885467866 523129463972090709 432539750360949873 
758716498463154012 420045033706574242 541280590287512229 699470227125282705 332969530418366407 
443098455929513054 951603602844535740 487270874212130135 615571834296593503 688264061953094691 
598133991436304297 939084330440958926 766101631092150975 526510977852334614 441259401517956021 
92208276088126087 777433822847199721 66339968558148582 420691096301849437 945106181278232107 
775538490667287284 10760767745766402 139177515684244595 142206825887529977 596845050745929289 
126256491694438106 639968344909505886 734204067277178239 281098148410040908 688671220470857349 
123237058339535031 145317702551221064 12753208163688191 673675730913775654 258213686852740413 
782046415503912496 593830714334627291 976434825584489119 172637539225480052 982700566804592140 
565637101971567340 185285807886691736 261029464344407221 408765689349826911 283042754155637347 
779062886379962466 775277143717488912 26611099323098800 367634604743637783 780752353473290960 
893359392649012229 75925388973199962 69516088790852748 477570949775392150 743522967241046828 
983712213735610348 211281027110157807 89395949018936134 795720706927183993 345021209360135773 
394520626397909395 234074829973291538 33843759540058128 407555789990594628 80586820487311452 
844925103567701656 504679546991207868 74464864133333446 171963186738389252 582787550610260517 
591157379737604172 405113175093470869 538612207083808612 483464081660276371 652015130715184762 
614731865537011703 696955493578915861 360807515298834122 509406750218038543 370549009801558235 
941191720792573343 402843415927432398 32504091173719745 216369138886043984 867151997866074460 
691592114341853976 88634615524385911 987351690551384368 888231103507456945 822776288536437223 
544542031905573353 756691206044564315 502733932631311689 675659814725809565 730720046857639097 
433856340544662503 933590907782210979 980822419966623967 464737682425347739 845453339139289666 
169334731050328940 957773188404303965 495874681245380287 341830370275690866 396333807022240654 
130808073813475388 184375722465963819 913087632929390710 203429998019643199 334565199754362856 
312947613827640357 845761514110626848 297280494343668280 194096646476196986 527386363547314786 
860070644472984397 306693103258394898 75176719866165962 591475116235464735 170571599194180185 
191288275466196200 240868412964575612 405455360783771184 744135744529530242 758885223951995869 
129407126271342656 227151752929706715 312714507312018071 51830226657707067 906981231556591255 
113960186395756260 725229889270445972 514923880365814631 736953692305149590 95769123026885860 
12117197439242362 780951654335778717 661883869996538037 135669923440401042 716090436681043131 
896206135626493672 641370636627796669 350191322113096322 295889988981186984 685007794584131687 
573615070845470735 123705390041861134 787266851564322976 248960612664829214 229387340569866122 
499972383824904188 145165003759780465 342386170134319724 502811240071174776 595475129061074264 
198419719738837578 140835978273778990 74280486105463049 933967183842485651 860611262680030357 
407626726182724129 617626836511039426 294420835165058817 202737996460063825 999010707847997214 
759028668480495231 460497551554900650 567238579724484748 575104886121600713 847658104900171903 
710989804126479595 822182619143926144 343487882200350144 91693262613337224 486480045095565130 
346457675903279830 369596788873802572 634119818576867579 943799329937115587 118331835909279938 
952973334180240905 933054805714267461 317247542952716302 466683919856576926 228086090990243048 
82562778107102840 452789106639136481 126810201027261707 720519646265202096 949437138431438070 
64735537192993911 49291979625716607 770655598381740677 598979536329327532 155017406939249476 
144077111456235463 578053964029958106 994478218632145497 104040840592537275 604021092511649319 
985200517690514896 244899153168238162 563376498909921910 543023390427800846 331763511660758789 
504545240950742644 725734481996038261 774011276538459611 911786648675688140 847919825400209638 
15298175220277511 211194851606809189 874417763288294851 17726636755721743 671425195954794075 
141398481182165699 613339597881728542 179116293328530014 195357624110425840 319103062594665208 
326510122037734992 600995712512727410 611574377582446560 826039587403743995 170581594089365627 
563597207003440650 913845858663480933 79923671583690082 443073692201479681 956774562036202430 
408913702951096015 680363528234321019 523817241979140174 877214333189869427 754842531138453662 
22014911459305439 993134786814955057 306354281566790002 450862967889579999 416780175193375130 
796112331711521598 539526774584005052 215201959058407098 913450474117780704 395225216617440290 
220788041583868279 499017523201272300 981844959916085537 947616987133661667 242733497581730365 
345796149182358354 798082290602778432 264972244675944680 186884166240610328 914354273538403615 
974137585089273410 374519978312864667 247977502250852326 795830726609793087 660078223775267588 
526909362776299675 761262436513797581 181376974018160937 320969953441079362 866511878992778446 
940303584663211921 979225332617850196 217696757359327537 816703605134854846 287329778997218321 
926130499140664552 954048242799855878 906456970115598103 317738969498956243 416580858436231946 
744687517524629085 623311796568484069 473968280515384240 846050426878365270 93586285976648155 
657046926676917454 202331578621769277 142835204729556298 218233364279395957 19666633673808830 
619408482642317503 566928286499649196 795695283794789257 460598993166090023 552524646242118199 
375608226837794746 197538730340424857 152871209395607508 259307139495296888 383774762860700092 
196556544309492951 223498379721362376 596074756472505373 36735487984708273 167083304919728897 
408069207824791184 495572706683914775 479160249855705169 984765212012843389 507728435650126030 
636977956461522594 373303823943077393 342699014630404497 975631690709809276 373137065193916725 
552633619073435719 259102058466729162 248662004181661901 228165807246640180 933909274261378419 
967027274226593849 997095243231220837 589946545677724736 293758097918081241 503025477893558194 
804374062369172707 484947185485758661 168017765129025915 478740024826742667 846926669226359095 
205625420313896170 643656823664996997 714235174650018788 439627078784722492 576366550009883275 
264258897123850638 456812867038027112 587099253679710145 472057646554653221 293765396297190266 
388744851077036166 361779182608132159 558282089459799551 74063628355564437 522226078917196627 
540729935173456164 138387857131010348 831038699516995388 846213404731692116 480116781170290563 
997509468276971164 284087639806402524 808454861129810845 375254148834994664 63764143787382109 
17878286066533175 553977414614968149 22029004852961295 723222380178749246 938508965707567404 
742910442732544542 388459604531151894 909699138467643488 909813681298541805 911309424955600129 
761372068952668643 130719263361777224 950775965765732806 29518364248242582 861516162041017054 
633362161115510954 10040042724876596 885588686254075010 287963186785238565 464198609654188061 
820787445106638534 77331833995506991 468635781612216086 804768809890050368 525045797343521961 
795797866709009574 303376144066269676 965094005008570036 99898617784667720 513185381991809401 
499869533422351911 913571691862107588 740749244731251073 938356879099880965 418990246120400867 
33042044283971628 225171176395588639 706942016943672808 551697141108596500 278669716065035136 
884180897267586052 358127421214629761 916069494364274508 651428899642171374 375612653134068524 
88554251971508592 157587742054856722 223931377532828630 911195642352288497 57115793776953650 
970384798405465986 209099016093283626 271034616967644110 569974150233632540 205660563735236572 
687623347271016275 781529089437561871 840194626538357978 18897759616539999 525258505589934414 
341991921401696419 355119176182945411 663952336600102458 834970550750387913 768963979443074167 
577704018549972011 624164894371966545 226127784263054690 798787469980746155 867302679125413819 
631867722289460130 391163830672531028 434326050958673690 495646668019812463 919694450382362254 
766195658642586072 822744364721631757 358609480015752135 153013558552544733 27195144350195346 
305340320527608381 328694288597733449 564580161069361957 100630291109838183 994759628111930763 
745963996602493122 345188948898512459 697239410224613253 159519508605952886 481919208638467495 
711226389535658877 29569622526331826 162205219077026679 363495468264148585 192955115847227322 
988883905666974597 95452426720133403 243144145086254696 529960679572594852 204461227548977237 
235719039976683434 576158484802837129 620314247610940654 690834085496818515 44018579753985477 
959520422850098194 623708320300001902 713915611104960786 793059309101596859 955726399304522792 
85705765320677665 555354788543355025 219952452251580363 177138234814398609 185182606482021835 
195875330075583553 690621997552730141 881540440774489541 187811202636031187 805984751501260488 
665548937117521460 528466378688232414 987570031540912952 240364238143955459 697976866365745651 
557265751590346581 687475140148599063 640880374033565817 28893705202218951 789590185200205832 
202275569666777068 253978559429706123 917016043873697572 634214746865984468 549389720917837008 
268782438499249075 880607090401437958 647606436355169633 722537207407143776 178982218270823355 
374442798736381739 348273243970410327 163092507569843159 689804481977065772 859205872274465820 
419690388989130182 939054795503624504 623856304257582555 87033866399927015 475169771974269683 
648802186779455591 471017397141379353 500442920975455739 932134153731744315 910014727579168638 
732698558005852792 714223826256779577 34941220661572834 678357342813408874 343229963022457461 
87993900344808269 199442785574303551 934722328974681126 754333825745982347 291756359885492880 
500322094094301773 45432702178239815 935512028629652373 989908016496713175 527480749782975113 
599025934898299707 214371519302374386 864462425737489914 538296694730955962 75123224344326214 
221292605943224444 325573566680637094 355497447555139397 885915569286496559 931243018618144829 
646511260072826640 777248988170736081 618675589377130449 377148517427944236 615589391440783792 
476790691771268943 981656843359012029 162441942176285772 256163093470496369 443648417815609763 
347200422450096784 857063774008688512 791340556337784900 169466388636927314 39257610274601969 
651917627821579700 98882653055412420 961420624498140776 835427635323769285 792939855354437150 
854652174890120098 71099395193363386 336327369539252103 469730448039525698 125067222616972361 
370927517739668185 718770811749462680 859289729685118612 844150521508839895 263517670501599479 
926750648808885463 682848511158392476 879915117696270725 899026033899601228 486292189774743209 
512035343301086824 145567894694283514 419649711431326705 537617633170523189 172322215281690766 
410600667218896941 138243113301812040 793643609066481433 287439317182185298 48302580206334514 
606887633638316578 760874747018756047 830080337226355657 917413250435732182 920416384450123972 
694503162002048901 658480743347414139 382529063661042286 797251354197688095 27803403681495603 
728258011310125902 698666137377935372 63536665330857517 952956312158624388 120632932012953128 
433567842794470285 944937377745957019 655978197144860298 118665008804574374 63060052231477613 
297777434542277890 612263691906622436 772563804362468116 38440500182918232 288264612884940161 
429461994136837929 910308318384162707 502586367018700728 860198357832487425 14424501264378002 
96989310167006473 105027280868945323 784283348078298375 363228955191564649 391103521898637213 
809699247467977671 407585791018068389 685512835928782020 589353499966821930 408905904235520799 
853015705033553537 868221749013811459 938627254375828991 504715157572795774 929344276685476571 
109143693269074053 149033280445753492 301393087142381064 615254079341070639 979686903589868978 
970748658876955140 469256797546569357 615805326657032820 544830587268586942 330817384014423770 
684504415058673207 784672540265290315 444496859513197854 680018800614540704 830253051648166608 
603113387124676574 547476930770602344 512888132826902475 697898714621857791 256646694762962013 
830075995000142352 188343177399380647 504273912116168600 553048967531966348 939032902130353650 
231668522793349917 483204364301761343 457393789328952614 886888436291180202 865320309034119577 
716599869279652694 424098975539340393 926257253798478261 626170911561817901 550062014179556592 
187540603677016336 231506052298223511 575454236104697505 883668767504872078 726915508044482384 
821279177597467403 688806984720457845 519858090570077766 157245119289040162 52159422481874031 
926941693073541663 17601438809552034 177045302924361300 362685044540073019 571060962555632597 
631054881704856903 710010061263298071 839170317323186164 10672937299832447 873095815309876158 
533547094927422284 743448205181990187 579078382017569529 524623047982748327 339725306401133328 
323843737476044575 993211745860477720 817170491872693196 457901640364433485 865466649384911537 
795501479076713448 62107751863825527 272391399451504718 218960354476751154 987641271321812125 
16440140819223696 438863199579116521 457967821411882883 504341857550639232 185073066960440482 
479799326072339481 368760588545124021 270492447210903914 69783177076882175 231371060677967055 
79350058128384242 689648171076588293 569276756842198079 961999583468656212 62121990987920694 
816099487967032598 146604272693452102 777216517431374106 294904562434581373 492531166859002600 
722467326232289192 61395932912644713 994741893601810976 897023325098059968 501361220278352085 
860541027584586595 714227107100671492 614508564928237777 706573845670187008 912648099156141731 
317317632146464489 932503191814254194 726426402287854455 875827039428066410 782939903512618273 
279814032533941349 869161031836999650 845344112763199024 748143119940455702 272862559955903611 
197634520672491706 666397871861411051 469980881069341925 687747478799053433 313446096184011238 
517524505337612687 508265837546522397 700521427028369795 986864104783909277 252772861427987504 
141013179302835380 444568733606691595 311059924248638909 553246711248444901 494454463954565370 
34275880610217226 562273396529302066 476834923573305511 382677051282176526 575259858953482573 
392648103276514026 980337483309934902 546338165029849372 910928371806521392 317362323572082138 
703692419628768668 515427869438236948 567779520222314544 825527042714420266 193607730113663006 
69313938040091347 372461536371102025 565575407610378943 14742801979580976 935821896084940803 
472914046563934129 470306483440130333 961808870619320164 82068415484991252 31887208611446818 
287268375141262303 771069372648169397 127044975239284618 361011653653868089 767160365146366558 
203079971182509336 939052359651429045 254448051408151490 666705711706975845 51327960841250756 
644477427883971728 103198999285910492 932367856941867034 755468122217307470 473643169029961729 
298223709718569634 970392213796051444 345630002298205098 616704730340218155 666771092952177672 
660731772359661951 813942493291904388 44397947398104154 371621205261994142 861322805274211146 
514842102592189637 671902185014477506 96352440461608486 954457826454668964 717677551961356247 
282790925084641072 780901459228437391 701545851912352446 278860719303442625 992701022440735426 
188509564445146716 50303730132729218 209699321003372056 476647056093423652 591069383499615388 
527758131652325146 552110277159041940 673390240368854405 458084020720577655 142857091056725413 
668926066460749283 804179334117395601 93549961778512717 769049695877991927 870058753781589714 
987688419304944210 785212413899415164 686949174360587644 231269351047966516 144843272915779327 
952301828105478232 638340652085311113 514747574721993943 909914475783250162 180468536245909300 
232649438729234841 680741836470545577 406674473258644485 651645231490465719 77225731506797368 
507094760190012847 456677784750756778 118093314466013599 642046195545064289 267864335152631376 
359696007122171933 149431432463533873 404135819047950411 542515669320862918 722351834467932401 
820377002629631268 227073934359045929 975072612831239322 190471299478568413 276993260911602285 
77233914997395195 196137813676513318 512715955235282435 568668996619798681 999829972314233222 
861874686383528464 816012583268797245 103309743366226434 99844840742000058 151170192839934033 
792707727873824746 812895726756075876 328032631058709356 29502866297915642 694903853584666928 
127899675084516917 53320169061729865 41838878907899492 273973504118593196 334643952341975223 
803829379504372700 833254153208065134 167059877806365140 431642456683046318 798045513648596456 
932723271987890719 881474271201331436 406777711966312078 147536527968841035 406285114010773372 
96334860650932083 503132494273588931 526470599180178894 200030412949516256 637419339000290720 
982669654848687526 483272319295437458 17455359956067342 941478887766482755 591367425506964916 
733783166171288036 997645694434435870 401162613151547935 16709656261153751 375154118051271559 
546469466470489178 540729064677432402 834918259345898218 491191122570524270 313550041452406462 
472961384352638946 848730490378160686 253864328923115172 936023316827012955 270152658649108475 
271792148017219933 937601206188437099 564053351984992409 706748524871111300 60451195682033418 
429936611822469364 910321284587632770 106742986085366073 592608817021596054 291081899410807884 
572918438017222551 982193615057552848 357529835626741844 576595222046518528 885778064868892637 
731102591783951595 897125684959061081 991126337366844803 339900821270943426 250042217371855047 
941984950280992598 516375743940270041 118388738393973489 58279498964348339 920676188560050506 
182821726730367153 133919572763967242 638834487643807793 274191928524029368 771840238862851367 
667839371799793989 155894001363733945 878733411850611304 220157329224598787 88021166191845814 
127630903676533387 504466342148294102 237843685835060714 206333061159005586 956280599691098764 
604190795737180970 914946396144695240 386121307753971441 830024958127218168 833828354246914990 
414019839356341574 222254736120342542 756255222969328718 445928666692343825 558202391612955560 
619191060746079832 285653148416471812 213925277099183382 241739422822605745 218461728496360102 
136199615368845886 676126958863170981 521912411796582019 663297457554397275 520398565871261442 
87766057893309261 279084920896575684 723712488505332339 153754780817779849 486556797737900236 
955478293914190310 219113795518392150 62839366237712844 75886330326903855 644469851869869062 
83728412962880020 644800177388578119 267799452584236030 850096202063068792 72690901429227417 
582850424768258393 276342665348405624 225838671440365574 761014051268737703 43422751409494994 
486607658344232599 386194779410230300 801352729220838242 232751132322632015 182971374171559341 
559430959854700841 871631720541111939 449203207540717133 127888762447107212 108496050269935318 
417981667561312188 893326410569606291 835396550145645060 758546353274023738 451310927956984183 
579513011197600240 214953541108718158 877694847273522203 996137194646040657 162556820630459150 
453152029056674149 293589081040697959 669027967346142359 308469796455000450 719314507345275781 
706644124918565648 759069056725297428 215099291192425205 276724447650519160 15901109647037432 
734960860185252265 829324863791048399 441242879184221981 404447155468523101 838362971337222256 
565241728414567888 58647627809444917 163015344422224378 811948286184337264 503854879336084934 
916212032531509540 308257189734501790 688508778658491453 53997649391428019 278951248637916464 
138369612561033311 402133627528279947 100871279029772161 90278088162344864 225363483389234053 
342160639770097729 100302030193767250 692190794350577926 832477427240434744 443680382683802646 
68721925353580830 886540871716543014 850945659003839288 489478820567506298 54432091936147947 
434152541807839905 413881722807701301 650590236501653446 880831092736893031 101238151084336502 
177585878992879675 905094903300490522 228327154367898950 179300109616409504 64882472482099358 
658989310674515642 187351196562627310 407916182592360908 541906869920196003 890463545905807568 
529628578973437544 699099010594323385 583387886234601152 730357979816867383 637227398380719817 
739562145527607245 145819037661153684 19529074288308697 721261104296628186 819536180659523432 
10593645423864833 862438748295210357 482462872214640120 833778967812734901 396524996050407333 
862742150783217162 485806184054203006 474977847529191653 869836992018772865 779204376531234537 
858286456105932003 387366123423119815 341808761282383263 745085643002454070 590721716704327830 
281791388519895413 568049874871263062 309961253770567708 294394571922187692 513650539764046896 
65881939810124698 329844804810053570 634828855381324630 79789547156486712 759276747411302790 
519105324073730948 306906237645223130 718995236032869325 964303582723796184 982211205781261660 
324120887269541675 355834873076215809 546659451144308918 608718702282647614 740487871228541239 
387095664380755897 538079342449673887 82667184733831752 748974601795696494 727438849277826431 
450488944843855325 789764882961325097 432232702485370560 569512187897157751 201697690628838724 
31128320745157945 322391378810393276 416403633460851298 491015917885333781 287844220886679632 
832767769053982670 841541207305646858 928497733571067515 141444850412119491 630903911654000878 
161558324668213333 652108507875332587 919117091321059034 190540474473612076 84413419432680227 
928239458019472327 268149893701009133 899724538949871496 396118383406266448 587521392708173461 
70532564592332722 221700793160578884 245864139166796981 625195691091848180 650683738428353899 
126806195614686205 186926220772557071 487559424925379249 380609751678140735 993715011457989807 
942536547601567092 444973361791797728 124906416027265988 451792995417491490 449690950290854398 
137651587585620344 525446551812173339 683027113642104235 221335452064996778 467712163075187370 
893827734149003058 951084112869221562 888977574821730573 942599807543624006 273888665685863856 
753620547452936805 113792303899025246 237843061871757576 57600638359627746 322423690658450467 
528260659734705038 505416937938006414 636804809323368808 178364372051542954 953433465055577348 
947301641845717880 392045461759336565 336154189995907824 520604875198414001 833477553905278920 
576002082095408444 737564087079889829 737179383294400250 945626144310999930 672509469787262111 
449961691962040492 467500206573316038 977651145678135343 508990662825130569 64727826261993155 
468210370166381204 651168085374349443 966141634938076970 419523736086837351 463878308973099613 
368922208827503449 332840111908045402 851775534366698834 416108863495384884 198966035900032336 
751784490153170332 925606887973360451 291019760379487292 477690298319695313 63705635521611627 
33530838341530148 816855123731405675 777938661616786712 717876951590654875 687345771274938528 
406215567447094762 377596039031282750 835542815580393460 164755446152067745 674115382286379971 
382890050850679738 445003416506640256 459260916173702448 439667886250885610 147217517429560998 
612267226669218369 903745644104920690 754931974768260650 764433349194894466 22116351360855074 
533128892148222608 265810018018462149 666094261274521600 475611061987699671 320831202499712086 
464278213161685751 515087795789644428 771183150724794105 355338171864783618 941003377269984670 
374202951568324943 657343642937478688 692523776235966967 288628962263082353 781033549333871036 
129581684731700827 439343616229410804 352432754164077943 487294090168250587 492369635396087409 
778667910350891212 705380976003135463 439277903495446004 156718295481048961 634620262633211834 
560331482139815850 355685835934440340 430410586283181987 819148125693572158 48086261137735723 
413093149067749467 947983514957828709 138182108172019835 150475322256895265 840900293634140581 
521928368246871196 640430971451902770 960929957308502170 95608147204832590 762827218274832259 
592344961989513294 815078095675970032 198357979638094889 163657958672573234 71621276662550024 
319504278342777856 790609885985229016 477276989755858476 355717532710664581 676361049103950253 
544699058452671771 151223652642702053 664696631204119909 357392055927990945 210007019679458799 
828700940312319410 593987311138410546 142980031388276636 320149487663479014 626016109823535852 
426427084752806184 80153494047210980 701641308950269470 795503903839496804 658013775992361113 
774373550270812190 282742658066288655 328597239631706701 297739017300720206 170203270639240323 
84072525118859235 472537259811870468 230041619578463564 761003358895669552 209506312876422644 
33532808451958703 957691340595260596 311576568911338072 60730252677414017 405179400169291404 
33499608427877981 859494154091850943 847067378063837793 723116381304227724 995706120788820435 
593241162964694307 216468030076985301 96172650633979813 264419432203743320 271686199118017818 
428048886304872280 28071290933294889 13056603934623245 512443515171986456 60461006310316164 
992831472019892596 798227178011158638 682231302549954303 389647659729526401 789698350435433447 
520943168664233785 727010970341163892 534401580517445857 293557924288493741 333910453593248010 
997487416289482436 914678109562002583 366188007949424357 473218392363949912 676790321602383703 
939758374717076397 666399367001448528 439033508292151964 566263214911134930 291775114383311027 
786246631671567298 954797121399437307 670062032852085962 795010875628037190 19120258306581410 
622676692701759249 568346981202180540 785002600982715674 558410843051208392 530957902778112250 
856542538784011399 746199003821715431 379850122558889198 486291303964309410 968837240554006820 
995578113742965417 592061809660479901 61554012926181923 976407649537048706 76990859329849404 
897983518310644816 257291661640407414 25909726696798199 666366900300132508 351747083545853397 
551960812439678385 854835934030361110 137301158354325984 679653418089314111 566567487670103613 
747261052202693134 143220277885242358 901937309202876597 592102367673556453 278178191665449813 
346307666896082794 533948335077392546 271910435785573293 201824719046406328 98692000258015035 
625297876354186140 564033929651585082 258953333557871267 731091376295113688 701160244799966030 
935879431224911423 221267587446840493 823800211403878741 774075669352881792 414831776942694802 
607256088719673120 195484980982023917 450251069487155684 741203997199787961 226298208886995949 
726689806736592159 281450678439235131 630788279738400421 635326490326933053 459090512297794854 
470158318080113762 456610347515054129 783712884218074351 360540238465738706 548016000042238984 
432281336089133596 820289633488876636 599157597633906869 841354912175534040 286599761485988750 
635802436508445715 261698801850132156 246484875446571998 38147734922312751 682085055452333923 
503118132774647598 226927982617771113 265173225061423220 992553577065759358 474869039036095627 
164588075972543437 826443483610278270 703337813118635832 911406263710134503 693696282104947461 
700691295831774292 706537939223087041 606633747916358315 220424396362027413 665137895845051870 
948199533916899913 475375443873955471 124027807556187517 330373387144019706 584743554636400614 
691369089406198344 798962512645719715 164551977444505017 828109419829392349 861885208091673669 
355187694470322111 973792084561709728 904954266255553140 452272676052862991 635110167258581909 
163728679011409415 35361932104756293 962763575670616438 89732615162958366 932271091029307734 
550896734956253901 712941121109438431 569949906038715593 81749804178768688 680926926985772213 
793411775294527548 532504548763061978 534106127954712197 463616566387098296 951650242686384643 
18685601594293172 84068431422509166 818711429489968785 59050272736237222 425404909090304755 
844459012500834911 191406665414241899 840730222636390743 402188175473216336 572065507568601511 
315347155744497768 557812214696338671 620647659475746906 85166992251635389 88338219536335194 
692031882569652153 641601025776809496 894005756945767746 816062462387176893 667196047995081557 
62221985210762168 151185403247674173 501103475519034224 411125215391131390 308911841414647599 
89409976593335709 829686138056811099 425851083242193318 686117311257024494 616341510412135304 
445871063468005268 683036081177272136 713419536687982282 492506259074003600 783915712190992157 
707895128529191540 784794037088914513 299338784583796971 983193988002737082 632752688990185773 
982468138486967431 773378302593079566 315829775999662474 37096957044520101 260944554901246594 
14444264397589742 985982418644160441 52388278738527795 363851624901852059 499313500035774619 
264623625452624517 568186776623877651 372641220174639058 87538009023707864 227959370959056362 
585789789747763380 391119708763588006 430897800338016729 265785083791043192 701393311598931872 
440335356145874715 474097651697157414 907716804688361953 747959323732719118 581767117435683819 
20100450856475673 32499886849441518 548216814738960315 423047900245444604 690961550471773836 
239524264405143843 838374943842784516 843179610148260682 772301085096468099 665686164793053425 
372755029619073240 322436253636200287 462678648843846361 121827642839865655 894196417279462569 
967225002277237540 142063870350110589 594873594494319233 597475703499321354 373424538634996783 
158883470415661589 446279608722838018 787822243926492955 852661080843589835 877139859489749902 
222156836038714278 852126689307690925 677003937895037886 637272893922456436 603438510277187387 
902217198138005405 933657578068072930 826826390288363570 502407786350942390 474088348098307431 
622169586952701522 560843195585343513 25266930212100701 84502324029464247 68387060999891009 
882185177840389955 352388445221210556 777676490188929236 231834809822078288 328135371754461775 
698518912619968926 579434771553341080 654103501741886430 623444778435985262 669439143236612598 
788579284759230333 418690080556683968 782635389483531078 43203844129301758 412633824271822472 
934806832492091552 489379475021963261 21876973640047315 549748963193275587 264633713528093261 
729820331785553366 158018141995918698 331677463907043682 413740490233980106 417727244285088920 
277291552377191144 241892775910363693 322311894294319840 211180583420117975 617848895850417580 
425926334306754862 304981054734566257 665324408738835437 630926189244921192 842571730361596354 
469540752190188108 303824493402340307 334500962890343072 440726264907766666 109187375273326205 
286179257415536935 92181181578735359 863697215726079627 725974194006807193 152297899590746356 
626820807779800740 16925975491787871 755092121121000759 571641093624157177 72123804545463427 
965173204206951435 362467457267710732 333793515207802608 791719665366301343 851913258408722462 
845152283675868374 405381232702875004 550732973738876812 690040575170670429 507785226902833016 
866774739086516220 120974958696320189 798876019576749247 50809921804605150 280080862711246208 
824394972217149423 447670834790240655 693438451812506983 806846201148941815 432443659118099636 
592637739324888687 634199808645029810 28054522839629607 226682346524221364 201541149857826647 
781594891329205448 648282511430609457 316808777870706682 261813991572653743 417409167532685999 
962574167670976385 198148502553829825 535926832145205676 570257678968452834 892307219852881309 
880116568681146142 520924153067707607 801354418729271857 290885138483960954 618657538160596212 
40798365057567962 469423069062504387 478436034345137351 756229146494963563 863099375709202694 
846378282442750959 237355068787889490 636612975281174160 108330625961584243 370721758951577093 
282506144569843084 713183640303300301 943197717015294224 78915032938031096 104484553485613243 
729090552779655463 309509228837307810 74710465876173391 867369426412027251 575121349052765510 
65914599818159790 426607759411614003 762229850297041753 564299273446088098 149096690742228445 
493217403968800988 616286273524434676 906893622788043098 317447170993932112 118159783075130934 
734718668220818946 609408355076181341 774770458782671308 59569516687400760 23336293700406304 
649687170104643350 390874781604005156 955040530670988479 432418053216657717 580306997790538148 
199366280807214633 217469963005171518 537768061376675706 808633388814042239 637706205193776269 
418853628220038750 426449650511441593 803542409088595887 424989390174176039 387481241288780159 
74155196658457195 217756874458287374 782027844922783716 729070296258421274 61138241847980261 
779952105464199072 424017675588889759 934919917182922370 634166831940002963 447672420530527781 
838134162461551724 280560084420017360 895562038934142870 702018175780169490 89029525282442201 
905324459022171909 818347781100921768 868148102315814819 952217092618802764 17916775461526232 
946932910953516290 782589637226197870 193641143779624209 260748410221929513 100524754253703297 
88070739221034563 391027504568799270 741064092895889977 448813235854877064 231547160512088876 
276868477224006685 72701921433642069 481448178865215206 85246703283650411 756604345191457496 
612347139052011660 225681145806086992 797549909780282192 47060085185308231 324033990619588658 
309703687687036572 552570852816126409 923631851944354842 247769185104995368 606315057112543916 
564233990775273715 324349301703332211 163430415353022192 882463601823643162 358255546054523964 
727172745246437359 391052376036503968 212454753561137122 875367359616713386 762657380231423587 
550011386118767669 779872590144628217 292186631857879938 814687463748583800 416721611590794117 
857437867847258424 620527433015192999 822988152048160340 865906846012865681 821074653262690044 
158736624360423828 822199164512021246 651610842548520590 786163144118724300 276173897918325248 
517503376804667817 789698552469974321 445051236190425704 387443243620234207 646103416652601532 
585108096430346061 323593335171602836 212470628840165938 831999504843794276 422839141706431259 
367717575373388808 573075439837824436 666182380552020514 872115853696804987 826313235602235364 
465864860365169726 321729777860386188 46152049030737449 161305838638124875 323207020196786642 
47390107271989634 93466784956846265 967171824104353208 266328759675880355 700864261189824687 
718861676753848867 87006692628894432 662478714243924139 877193514878698378 775763688479238256 
232996865178459154 703913889948704418 597531065132940998 721889733237663722 334408307794870810 
366018549266511873 318666922777443750 638507209678695419 73209589600138671 626535300071168019 
462216492571528384 849416336023829398 572496691554713441 651546861923380320 131497337139126855 
539696832530194431 615258697601501153 273132302100285489 216642815886149853 75470635389070054 
466435470580216176 685966048724447559 164870156303378441 666858111460888654 37949912460305710 
432850300666802889 235984508978805826 484033201107760862 704477420231623374 411147745100791440 
683419446267750113 601955094667566374 544060114737830234 727025345865649818 872162339199731767 
796628133802421255 422566585208446240 669827381224392654 975636828698584305 712937130912449788 
425170029076102846 917507288925617539 841753643391234403 266888971955583951 341415762868190550 
81464295131165784 90580706278139417 217807018658029668 363983863932125884 813342952160803493 
480392581801060848 812407272824031312 848956361133738356 186279832664603364 94675489571359577 
333493958492933173 292806525842106096 117328230236805441 105906548011673301 133557346894867974 
476162250932172042 747266235324934511 218319019100714387 478019947621347140 345876719002511336 
812162404069306668 542370705346479833 621528130558989897 260866875798069041 814883903065698837 
734064100097227290 294222192081485896 808574509397256884 435864944899270701 170982308416929097 
14381293751300856 84261260072345745 810902015429108978 666056126124663707 738098100767220784 
220652867171420575 263047449998560706 294913526247523692 204683571309120574 234280927947986737 
195404537641611788 471659356472876500 297219653416297158 981658435318151012 34479538698421133 
520666161277753845 149041141042901898 408371690712007758 173711843126244098 554445303342790405 
797924205029375085 556801138857667608 849469161250958560 842392542913146757 306817000487219287 
781290207955864415 778801399039815498 722749425856292140 352424932934130816 929235434082491529 
819874512340281975 27078046235171039 663971473087406649 862954616899108070 719155083451692001 
909199398625608342 512189284593742437 267850302165724040 100739197382796101 506409182580071783 
213691081976273718 784477493401642831 654262693377488253 852441422298596873 335365086553076882 
557293507925487301 30336762585740701 295873291988917761 116531468047985693 617053118340230499 
57011793755671842 592052863829791242 793813553403268659 564902268909910943 996965698028763460 
882600866466591037 278197732154604738 907607562359440670 825477238794310794 375483803659958252 
851647677783091700 341404877767253660 174440750305703516 793635375716388368 827007384685944780 
944981124578574128 868290893682663635 932552282756608042 825285118271968823 756742455564648277 
375198231115157409 516695313516678981 951642408714069586 326053582632939984 229832857030690275 
710793453894914085 522563771194369835 307208842733007916 523016258801899256 514496767295372749 
889169484901475519 473824984407482265 701309366216985407 280270747546011494 621702941877667074 
318799270762562513 453782884018637767 229312822351865184 458805693546996564 773926298904353061 
878987006633215740 445511281942866791 336414393914143220 647360695482370273 86728004400822632 
792954795283882861 84232117048277412 603799308212862476 373554789080731201 889520984733160588 
194749372420547213 502410870600522890 160067668187450147 283796573217981116 128638685970883242 
492206242337719538 869199319004475487 470534318742776915 680370800683436400 342409703641744449 
455542260495976385 55419456376719528 943068123998643832 465523562881862956 17318675960243794 
178135940514372784 213398774710204239 325985071090426753 250562225375345321 589296106231893061 
69871348546139530 788174544372130837 739544383873537336 900771825987270450 652467110176366044 
44256599892661505 39862169427462405 611129722875966399 698486971608961303 684580193005812340 
105946025660107000 567246953089680580 351459812954424917 897806730737759393 451181589813661606 
838289062118140933 767666899414108685 562988308526740069 778201145504249454 312956874483954422 
324136528487274240 34052156937578839 121757734860582966 206686406335604929 289404473138840576 
771080408108548454 890563089826556639 17334157705871171 131923103802944930 481933949044316628 
368899467181493721 345330935945138080 831350921176342662 138171229841220126 280839924303749728 
171082223692581952 947785589871920321 133696512442641714 788070354863218069 717116524526466770 
641589474583929705 826376555142319876 719832145359701836 267936320654721357 467102962502379760 
39229955383726822 645574428887210559 891314832700334811 257421350588978230 315116240501468898 
570035392649674107 909297299711492754 825266967910902894 135366459015853235 481824207826656661 
530213024269826807 421201583041005616 759262922838405739 22031536192711222 598301736803798888 
729165520007465856 89211332643955069 441822300495796651 877267169923398003 934675413321083907 
233790070166337031 332352156303329368 703095150364191878 325245755496116190 542992449412270627 
708846993196141329 967733427809580967 875392897165670487 73606586668726282 675479760522622495 
716055260193475246 717135704493662631 655847441622684545 372190410564393244 817497696395349983 
495850290948478132 462069142107698560 32117073555010413 348236709869927141 772218789209875221 
786776335870106873 569682953587887825 910494103812112595 415023820989298731 859854461570423957 
108713485442949080 83889120293818475 814197111519464428 386830131752033107 683432675880894646 
541496305913987623 417876922285734125 893951472206923846 149071440051247227 489554315011417101 
749261705621238891 370588239722526421 318038725016912813 519197376347905783 865726521005753464 
885249724526465882 659890063259341159 878154543722202686 55284175262151981 46059234187121260 
619002249963244753 521275985995361720 187363373533357594 524907528747100926 237839035152339983 
125960910102859084 127399242242272687 887476267039469934 62089947357628049 164573100973657231 
815599279341402705 774272116160504823 230048795375010701 577120636340254454 383297718572702031 
290860858512572078 694531289372992847 493359942878769936 169748468501489999 964380630552537955 
634567595003942166 225443598098682933 936907557363393800 594458271794140024 80589040855445399 
612860320609301376 30004444115140941 165353186627168488 77083913539703055 62440811803109773 
617897371348979656 663061856864696037 53454697996188613 627939700131561168 15333177187321204 
757194625006947260 817899640203457874 900449355004360835 551139337226600782 516239446089173316 
658329621640583898 396432906836105770 218481399556462513 845349240465193771 785404430618190693 
761242611857376395 246906033145138820 394086917273169538 854448540726273123 320867023737562186 
661335785625310486 871977407057378491 577840538376462552 265159672905242870 633606794098065229 
244398598459855208 159442638911554662 844450165523573239 850613375097176649 897983276764892397 
671451031567741816 625669118802662152 614465934703569283 755556733212033259 360960035026495661 
539363767133370789 865832718754396536 903831753018291981 370568734087169601 343907359595774140 
377716345783199106 351664099573846969 772749750153320798 120842825075589396 887716609819952898 
272644698796001618 130487089325903736 96043188525361042 79480374004928193 483469262803025834 
887260460461812465 679484074037113577 47977887579731764 985530799635553387 619482497129458872 
401555522740395672 601344888979628475 454901993823207244 246762893468263458 192919786788843571 
891803729613357650 267893968200054878 375084391606598365 185144508298839495 36994414968485680 
416672816532366478 590892103795149387 861034319587363502 524158397657263007 403166307448684413 
779665037646953349 548860358340274486 329104089665196649 449023922506462651 489742278222961746 
656424922869523436 930306410080096142 109373001342514322 934137275344751392 26564086628294874 
541274555649494706 917647339181952325 839056591947141599 999557231980322872 704128884312212004 
852421114353562620 243346317537181140 491929382726928973 850030699913722542 777043071226002866 
73466211115914427 236152042493273985 279425366860952862 707932195923905589 891042004348451305 
248472615935243887 262152265780018784 704379274317250489 853896720651832346 510195129332397905 
726918635770427617 796648626485569197 38501475656790251 599617867144870886 993949793255298407 
872615548497692713 116093376600116261 539310965993843601 581492809245056012 210581739570892918 
613112302196103220 704605162349361770 233674943707862948 631355797757040816 66705538713805914 
334502208286302484 550888104956982422 376778961930196734 444203454066500104 339683480365598599 
738391232459046388 355629807339347879 100153917123587381 940051182225895676 653477282482410425 
94140769019485059 672737966834867447 942995947872143797 926409487070498652 600212694902111325 
732204504597945316 265140224547450576 312922396650926635 303461276611972340 900177144449018002 
384656045858786716 184767463517082342 172776079529547754 762144113687942053 698147181711670228 
126024080662083063 473117527169198295 455644944431955123 571002700919914894 669704489152625186 
210596088727796778 393367838457335430 106678618261686813 19290961431432459 21723499734908150 
968194153580772998 180572376011804535 819160470604306579 974659192564998016 898487588415193916 
247355567349576129 325705309500229310 376693452964133348 904603540330233387 161473471172222494 
89100245813276377 875619308974916034 643768510866260798 170979956745112876 20360858605366227 
853194882846432700 207664984643215876 674963950945621203 558175415749920573 637689344228114700 
396954872412142090 826399659793709039 979039826826600549 188076482959875478 890418994585351194 
868444440348565349 651550770949662859 403240194865711649 222774405621863248 121709097810402328 
727934750693798509 478420778426204824 125887035206560289 576015347187612208 575205867279476171 
172791605555311506 260944964342989994 863577230247384131 233976632515883451 700871234493716589 
637387560399588966 849928679578077092 169286226873766518 969670948260037637 445812165186820070 
660804811677178999 367242202102277542 614342569300960722 81232220393770666 928272034716798403 
127442071440598842 305116359246749504 194447204159609495 981005851335035208 620262098029009265 
439571551447975629 883890827147228091 613907384454813258 799214765523229958 387556729230964195 
934861462112769729 280702133757040458 889531337807967344 508499398808389875 444693786233083033 
698848125644856113 986012122896296584 512246357956824890 770492253079840049 734969900357157171 
688385831545008917 520916697154731409 484591150448533175 293491679373241114 368548269295248459 
301467602841609789 29805916752822455 828488643282051553 945894342320237744 981904695974993947 
483700689726308959 365297824903926513 790898743273802402 439331929041901204 669826163084883746 
37089930274680046 28346029643567579 670828233988581792 433764156410590312 827648084612537227 
807963816497916089 749372630850090868 647176000676212986 438749254802380016 756672287231110109 
726358218839861691 402364534790234210 510631961701401123 280423913843301512 411744235016495017 
572858714273282125 600274646212478491 116592930919486389 397526437369733491 346303533524780473 
708444368205587344 861104273154946355 41590466987975824 181670266961921330 155305770999766261 
590993442702922389 559095286360945059 835189693383525423 481554269727008003 316407361411462225 
432142776983509652 524780795740549398 775505648579668802 307330113817296068 915919159294740822 
298031253614446470 840307689870765118 457428322418210390 642682033457292737 129938281228331371 
902008717354324628 656280437812062049 49085185173789221 843080162367756563 438446207237578702 
866010972917697045 286281588791796292 801473472100617964 698802661152292866 109187736126766691 
590563723155640107 435944511057264207 334844780753367349 871051404264457127 158937854850686438 
576734111203435580 158082260007167359 64146239070281186 886958631757998623 121003658469282355 
330107313559601036 18524733332098113 731386212014868305 217680616675896133 389412756036463167 
951474757790326898 870569152650710116 378857247340714577 992595374278741518 705365719300922422 
996957218712129747 103901898731342426 321573458881476999 310195119608068456 28463654807022895 
613349798589071973 780613638706133008 569384131099952261 78653754960433358 419975921379807198 
169836989534510414 28460776907224552 758774982830300778 755979671729092738 519799079390694880 
366615731012594295 85860763762895692 274054229742181879 391488890452892441 195259511589033785 
506175845910620565 613964606533055323 329503297084194491 648876448962792917 42568683938757501 
53231357878663511 478715847333170659 331838533453081158 193049542319176707 611732500156338073 
962875384816132318 295884326176920907 309941659378331972 115040711452517174 901557558645681220 
452336893535151180 202438885760048796 569809684184013758 536990590455675947 501215622663424209 
823263038651061624 289473153464367451 757377953032736128 694323293165271122 856483817772316511 
97037809281953347 911211816858282861 956997225532120353 614543019660341555 657857750732582866 
545243377767513005 441165443602637590 778703941995787164 915701213062943526 889424536547539173 
389292890668780577 521176439615606952 243296372571226247 130403041482112837 229117476272077493 
222877186471301923 589905567106828544 359631040681139123 318505484112822755 100781089187739601 
380102685291327797 801884532868809512 353820527953969022 369482700084089009 851032741334951092 
515779663742073616 328135466118064735 424042790189764966 489393173153213478 169650503151482437 
927514834918593842 834269908970545296 65132701389480196 682816869541811053 866220880165629393 
185484535191994343 147013595008466494 904437098670031209 730889891673585169 442071726108853929 
732962760024544053 353558207583607584 423369891787494809 685643279061266701 407639401026119822 
16032734287367849 116844542161786138 277420813119674478 869914178341334112 777510445962412981 
604702371067523080 527260929120385870 479391880949600612 790021275757709225 553789588584177087 
158106954268003160 361550186280742530 556241795597264232 68905591226727422 108390321385887185 
96772343949089260 186028577099437519 592665404412945346 376959175415277725 464663212120875874 
941802463253646668 489723199960992520 298981272864749239 739094847136743410 204098562685839303 
186147240354500950 800825558711332875 562714478350271087 343118551083308643 166830739545394264 
108826226062392301 59332011608493089 289952076859610404 61166621904036530 820097684359552388 
980646229009428978 487481680978589399 983729400229757062 590981563361609076 956363770191135453 
338333484785963257 844258436517296861 621043768505455441 708597962562714772 587437508564459104 
124715892894524527 664012505846593765 388842193006048087 105243727027161748 709180215276129508 
472452921544652537 540830734840337467 469734599145820923 742997130863648832 484437037469031491 
978109878678014547 312381102560928968 845234383658012996 815592487060588229 115062650397786838 
135919798538238277 672710622200425580 214370793893839599 687458014087890187 563561397185747264 
947275666095556879 790004879462775088 885135404790411228 388213302007575173 153056407544124726 
745552294396605634 352510610305038775 228757159022261407 854011100454282271 55319443788826050 
740141985710348830 92964833522870909 158871432129556958 150229378014174926 187695589904203597 
835614618080116868 805056756796425008 670986832406433041 164773524243752205 271332997174892859 
309041037331079076 438511645393806384 938893002294763276 652285897933266401 56528654615431365 
568952632889957023 942496442938404681 770123533214722337 987554480623352063 364841587299645451 
797386445327228145 271382916523516505 359312370325691343 44744306071851917 954570082340344768 
305520327244119799 320688621465027314 823798112753150433 788794624841470728 686999445619257689 
101505730456024723 881525476289069254 569931331143238336 374262822280669344 451896831260343517 
89724070130775076 856422777244040797 226647027965200131 134206409932123021 195245691076843690 
781075470689625610 526280377131517116 834398817227872215 626260608434062730 451666472496007157 
576832016651086446 824628701521247294 753482250635547787 218136436085085006 942987844579744015 
862850748507217497 761316597883741215 790473219213208573 285332832124097339 870612085684056959 
420466296653945864 982349654074367179 545895204178480136 816755737696275731 215588293267512467 
507766080977641604 352344950593766226 736082691372813819 292963473251381128 705423708544215743 
262930367463342619 124789081992613376 907361360107990950 506533975127496394 41151186243626371 
588963949738076229 681193290170437702 972183368871282734 298836957316283686 598740063583565837 
127670895604564741 493610218942258121 745820426703883016 32637463235733980 217759562959340657 
793965151475527395 793081026796497113 826500960432424959 702706686735996136 993646002290626110 
616079497966595858 38370650067095245 682173561161631133 449381724779102439 663455216462959691 
500146025908624173 642509547522541580 927748211289653583 167122976178537048 545463430812537454 
673692479284812649 204052450482002794 230082859125190298 126558290797418255 934182547503359324 
293137467708933564 214421875818010244 66431998789147138 428712707788924402 220493031599374115 
331284615758290456 583432304558637896 835984994016119816 939713179503575034 113967156813677303 
659980917660015454 890438682361543803 494369764643730797 141899823377538564 399000323793833822 
217087764159231486 68935872095916022 844176663552560144 675472173689244944 325691725089346652 
411830187352587435 625528148062299169 545465864312173494 730663981452884466 81280200093562053 
864954092959405215 367607757286894384 287448890361375378 135488872863737627 948093178657236114 
346895750552767213 308470998495529888 100143547524942615 602605974840370157 153999986446403793 
470377571349755978 179351407466630156 180025842851666194 680436537469185626 86360476968150382 
486179523982245414 813300580503972386 614403554848865620 842114704529707211 835288169737482588 
646353146067950030 493227289253265509 470968077071439597 265028140670905012 477332703648074146 
825044369301328436 241516949385849927 259493064246721053 633214695712822505 13085752540490336 
745206827772110969 762562542836007744 964370319625483516 537009117084452797 45845718434988835 
139595336992569699 298899099212993096 810021220642561614 759888552042246891 176822767861543381 
195711571810737809 445471464561044023 937811110714917367 252632674474282813 306499900258685562 
119597570442047124 32745247964829458 159491811346610251 481798392275595608 400925849871079633 
984101765086678735 712862792197857891 905927065613593459 746233307125859125 181680202959152882 
328589220061199751 927116719049656316 891117026174474048 712942631680810925 700705183283979624 
662766796859762852 420439167935676110 612754657060832557 328459020070819780 572576747642950963 
153937830085162464 270690604875483191 903540795023965842 371383858732504198 545906898154761218 
761275277075112041 630937448845132702 84287433205098354 76339185052158891 373926314099095261 
564672238680092708 742456191462385079 862668422993345202 767345332120909028 798108552740856423 
131640230631289506 811907807625036592 151055947784628102 518278381289894720 651888835038878433 
811970395389911062 358540309190640504 301822472099753195 661175700728616735 744051052514735720 
409543227859299498 528157817575770782 977601168457369227 192145969765811990 880294339714933333 
417230812593992094 892927831867960414 98013394277713031 123382130292563788 992013055014943328 
205658734315714234 781428657103739400 792339238511124479 304521782865575786 270642358403998243 
568510796214766334 579290249988597822 463515360733282110 303155291091648635 389296315826752180 
998668156334523088 37034466984651213 916349373182238002 358519361415132656 477925603717483219 
854974113281482772 824504452808816102 347064196671204809 575089711387755156 240988338232286136 
783646786666351920 873870478502899555 713134929768494908 540252386098910764 110210874917168583 
172215545584443650 303838591347976099 406609935691197609 169791922814121736 958075272924613710 
296533013310100094 552087951818262192 657696939534062223 609848862339081481 345580146051642641 
669036356197368416 574347076381499208 465305536873109846 16356840527688298 565286557990077293 
870303172731060933 849661991887181666 687819413980500062 477086768296717957 337663646417713829 
727714720885338229 512655886943843921 428608412802792993 903991204918778396 789225426181460599 
140225738875779646 882646365966579331 596029255149497563 892296128778161472 198122947590309026 
349412565429432294 958532144991652515 502985766124126733 243173251922058193 372003328384558271 
663246047964397980 859043772314093696 156353384962031522 80102059288575382 532229328935818238 
243826790956674720 388113573522635910 101195419245183080 383862402762778913 620531489386843369 
687559751309890196 498542717770855408 372597775912842227 491646212524370831 773165262244048532 
632657434604530247 616148138595962711 371320716507498304 793639597425957458 687789329092946125 
679537062960104766 227203176965069811 162144133276019316 471403805415656522 900049048609138897 
216432486331656408 665063114199375100 404154743317304944 113739746329083935 862916817839797473 
17452329697162605 354093393767110033 226334643865217464 79334029670657513 950908422677562070 
766536105138653114 297719874060162651 338473531762473020 822564216705772192 179133092244216208 
605242316374805840 919954770321065304 97770172343007154 304219850908113326 233548435691211821 
178738716586981987 164495735508974752 888886143937080748 998008582887071535 546863690734835575 
774212319516758112 708586753644299179 407553061796381517 844089194197614378 498907022797552510 
897645930215502452 181086614946007021 337855725453278212 75453831462444308 245614079752819428 
650355872955963078 237662618539644813 924344860395397706 860838037321995041 343076542499253230 
209162688361805052 162181294226398986 26462505923619750 607955257231907886 415312075816279566 
524376425868072790 948314746181706997 935396874389519068 258261595501064370 573705040371235922 
829484099955324511 237572131704420749 780172496355769737 842587728330696807 177938910075448509 
300181313046439045 748731511107451700 194377109009288030 578334691700875444 42787634981218374 
996564999156767070 729787455959142903 744286672573123084 346145605914188970 749582028208696717 
504836499751372644 125088873468924479 155279663754263295 355496620648419086 150937369799894967 
515603584248976737 371098273182952074 796622556422695681 470881121798280971 688500159029289450 
336872471716744123 958978346608644468 605766166678262136 175243073526054904 306495792363177767 
159382821264986093 816518369988463628 821342377582219168 671903199017910382 450829837190190005 
955083023597139696 896448098639874565 225728274035622900 712310172488355311 299754718518096384 
435464950238416765 777285600684500031 229594793175061294 997734808051329603 190974809995028547 
912204397889715137 314274462513239377 116461434711277970 737143726973059319 412805861996459394 
602225690843848588 474969105658274818 96751982928460787 735277080906113685 981180395542845462 
197278703555801016 65084848346467505 933638328880610267 796163176723226318 391441975926210686 
925631119288917723 556870075632015199 293594798961536975 500335880806511119 100104781267061719 
390968060116860025 850219452269387926 885944598381852081 131991835111180748 66532086030264573 
386911114998588763 229619074634428736 225558654753679026 32999959096287507 587226819937391120 
842661908238653006 384689388175069005 743413317469075993 676274255619543025 839956754200374133 
116465017634252871 300622010707437551 177772921477125697 92765994646082406 419389903313238443 
119602340897232057 645374810910524525 861187085775416986 770423744797240242 249286659748886382 
233914416367357301 944851095168872981 301106942605258321 563628162488350515 397059616496683286 
567384678536027278 599221367747422921 609194096022641727 19620345549668274 317949397550113363 
141339017123730526 942690104511409885 342387252626034317 295165206860760479 237645529110346072 
723031767788843737 711708018191979366 274628287938821913 298308698899944994 655402656703539270 
687164491141553914 317310657414487351 682613269988230056 706363049186457696 678547170588102234 
25146125091488687 341939059518729504 793509397752307238 912018719875181761 74404837363209905 
699256552273577816 560991646715384041 125530684823466755 586561982908218674 805925629614895842 
388119562620141083 924828351733625507 62700210203014961 775787282901452290 474794908536230692 
140999087579012854 194251835931357744 67105691373447097 242991062696168442 638152125269195552 
41172508130255470 691183836964120048 747163319624905799 685797112111484172 871769329812034586 
895025207470304022 997314987118192583 243596973848833723 730120241514820415 361946127081936326 
452536550007570723 990171814739877581 648509710655665014 931861116921169868 348492898519732900 
139794162073671696 492072967065168661 19799149885996677 722887015370827428 913136337754590694 
776334401233065958 497517435718421052 925271898935819669 318986252110619932 358696645578642294 
200147702426882407 766811595755430388 387796971302660652 965714722111669589 341171502924426121 
596556866602148745 310400529748020747 412322669102376761 222610382786278404 718776358180021284 
46952338417788464 789405051144874853 812573709717343979 254216097026773143 127078768950464915 
598560014289618985 924745796851840351 54317729044259142 262352564686518888 176372701189410938 
805783755885185099 147798918030093732 81771293258375952 942086474754558857 220228184413327045 
449236886113052891 530857687315773550 479805365252446387 779060757950219736 678679879051837046 
839007061761045116 109793244931817348 569606698347630031 30123054674083336 834566834397288558 
323287379293412586 504495281954448578 113427255444875538 449838458260136119 181706993315061310 
256450922737435880 418434183494637206 380770486469976921 518214794077152050 395169353247572136 
124800986482417752 975065378663972328 293327840475389920 144752243037903112 643299912828896530 
476609013881242459 260220439944019973 890847334181982694 337396296829869251 896954333453047112 
339328661610854706 521618028661785283 839987877573678957 318097317387372562 954104290024693063 
731752321098294220 793691403073020159 613860692400942998 559832160085938448 684168778385315414 
470972493303474310 133244675623277188 471678937303114926 320116029998969118 787835426671429485 
371856890466405438 849719241147886268 756758710471226665 152849123259214615 106205191418272450 
542769967875183731 710444848479544576 95353957083451874 299524415363007316 509532618143251049 
689007284555844438 379197371321102224 717143561583742271 630516587466542595 539165205425515491 
199402626442251501 408274739190425102 901474886153132646 949685991362964630 575160117574381663 
17139034021289972 585614047263331370 573122959629031776 448481613764071271 317420752076356075 
589257242355343224 494818483433904690 428434014539139701 903334858787977835 923053535744645330 
159798242127903224 510854584388851431 532482047536204290 592915017295651612 302475145457899085 
661891133745354381 122226773961712257 92305122133790885 532681896587680138 496947892497331922 
410936137621940940 448881897089125433 958156315556846078 71743230169477587 325519453808268399 
704220076373261713 559192655421843868 776499661437238181 458774308449673231 258872518222137246 
209861952722893802 587248660453079521 259877726552927117 50885240887027072 831390385356036708 
233073583582472687 355194145041232416 90392215571825813 292909466409909346 759510629353045355 
801026129552949106 154288695637587443 203375018970951223 768849214756985929 802609080348714503 
813827643303918981 870490385903716814 830579112892733767 759586115515158564 760065169024837151 
165479722189122126 857645099748444837 139730986605418856 81482108433935817 555282059015637974 
67778007965277017 801943654866646738 79602322849327721 341715641381706719 521207475282465824 
299636319361840686 402723786738852960 420358393271705389 648434765502168024 442724267758521229 
392345456478215986 525776636548035275 990347348295454955 770779986511312439 126106267930631056 
488945998840830539 46183157155162904 210348598814134786 362354363441726763 191601308555022908 
224540722065443019 867358583837116324 435444545553480935 333306556706931909 492004082868458988 
416279136163489959 583300805284184772 572052757885741673 932206883467547535 486948082335714121 
78037139270680728 824122019442923803 141285134958514488 162092379015651137 227980847521610015 
180730106190528913 724943928048169302 225253739726700913 214764724951531799 24928606074056556 
718825615272861076 777453174349008631 213439494328083565 583740383895302726 692149811643830630 
866925984003496475 405153968423295587 789512827739137856 655564081389774140 920573260762529733 
343802508230416159 374732522415941426 640520475008216441 941753766725755805 972740213591228321 
574574583920594656 953582508345501571 837118614986325632 611343095038002492 285521561753817978 
259921908289230896 986958691997030655 147362934917426991 657013817981651220 134582144860792895 
618334071794050867 717099950610834612 174702856079634939 502972294414521961 934365565748680214 
953086466458181602 887680224017299146 440373272887764741 760682812848456556 809958205498730546 
848352234663012818 368857234953717333 533035818101933738 807697357916109742 641968574448839663 
608954632150913502 330865580857623585 522567693022888494 392387708128200970 455085188712843082 
645225305250274504 865624075202000042 647562675590090686 62764463167186712 197894217971738658 
386256440641211627 291071973523492126 95930833941790582 297458689053497305 801324132605901949 
980670647520617416 557938547936535390 74593335584829539 359150615202458482 847989477471276909 
339060802899348863 519281653300972400 146089852788225862 398784101175245569 488234643508152016 
892680892938501965 948116631155295429 297407602976720165 882354713362184655 745228939117612635 
264768638286360048 340212497925785386 795117750552172121 479140672984446942 105961518386896987 
690886923619741714 214248872519586641 347551565715145812 589505706614828220 137045490226328316 
329726029989340662 930580310610445580 333544361586762557 241426497799082398 274669785660781004 
274651739370426546 609542149608679244 610395658131421487 395736061542230983 53927826221172303 
874768638146542636 303801857424588996 545812327978472345 388501324464226725 325292489041573483 
141472376321564972 161832770162495425 63316231597424586 280975731963638378 714192727186640752 
915321409234881280 315103387725032582 649722842075332467 351586543757258661 772752236873558648 
207649581952989082 972258708046117366 46930089054846971 230287670909107083 456046402936921233 
125532785851466996 736646006695742723 529708860329995915 607639056006837267 245548979300417268 
930368014819705617 118348296715563356 189373723085112010 319095267461045072 345895849406240789 
530612968392119790 251309590487021956 413905344891445390 415436374530485751 442931635310367736 
808120671846051378 765138858266286194 689696906589482009 792232144397892032 690851294582105686 
655836030787361875 331519931317468776 924481365958429830 932540285209947590 826428087761144527 
28326244901647688 742140397321440680 254157075202846209 450517313680582234 589231343261124864 
852774092573472631 399733087478722473 923087347068587187 707216644072905973 595565039939964966 
527054910576348845 244551651209676926 899216649348485920 700018576859802547 670367003983773907 
619286215101611958 867289999364873371 186989615199342839 824509759011340421 970503440171825085 
625694314998552498 911587377419047890 368121391691966416 688076262022359301 875253348070997727 
295040146841020083 847995390817440611 187739449164720776 788872322562944315 909308886078915618 
556335153983822006 98017821834333719 454151800498879092 790346355331358695 11780154041282001 
370661896012793210 530688097378243357 899768830286557308 642299079961294334 787282693330859295 
417913250206416076 744312391916398207 290553942593805535 78993005398431846 803990137241428260 
806199082434845308 681833679766399534 755166096810021039 740560057561894700 81577933116010434 
283505176578900499 776354778290425075 332601688957676642 402759703427641607 352985131403454728 
439677360565622543 712504359670157359 329514250744107999 865977307247549187 258178595897404202 
657687761880968661 256846126947560733 448825172298569794 811461803995398380 505290038685582227 
491197647660819614 788794463274728232 572569411705005749 679065679940439425 619958193950626855 
921983659673362569 715014701234704054 322660787879220497 433625023621010661 460279909829087064 
264149520522503008 696596246694785293 751848885310134444 769329914376079133 118283926413091773 
686300731049591994 569955921887057109 897785249916096760 236230181406302759 537206141775971411 
246133916251811248 461158522649389384 604236980305059108 803026561417432892 629760074258509889 
829205479388298741 482834114183682818 814742008504747672 819436483279536079 721568531260314141 
750242879683534641 93093222848489456 943751362182423265 492040330113424214 741845041375013889 
859939897191587313 489069714790812629 277373673317299906 774378256234607701 779014895238674258 
458594378760562968 202248218261469068 275215292269174300 11381760282270728 723694600383684554 
814761359829097579 586645029891764053 126736807924023984 142836650634549913 697463934877478346 
495563712441559627 284688387888948404 483741342713337718 157998395414840499 74753999416658048 
726771866566830452 737508773807855475 249494419940431433 328112272522613548 653914822221339145 
851571933712749906 931709624210515796 641996535047246289 948254051628696938 999593145606691201 
255350287748561286 569968099278057130 374615773430960863 937403657592789925 154661853176227805 
41533477862273630 386125479439864222 520792264307660590 694988640330691049 40647884670204152 
318668401047251538 60968165952526486 767797776999449327 130547246858106799 587652326228611822 
385589427411865026 481862081871180733 700781544994748848 924653886851528925 931542968351070121 
262691986280091806 51876861566257400 214267216077325291 94397721904165073 743014512248416421 
327334503440383218 342153040750311600 631157121340194505 611212050511670352 683955457465535709 
112067157078624764 438896148039868036 288580341442839153 786373169751035540 506510322554969677 
481242747238146344 839720290638541398 119183557884106502 170900029090790825 267114534711819676 
108812912963930285 829607290378449799 870895718226384631 922988993047816429 767011749822951724 
487520997545958604 145033338606935764 327490561631601430 708559745952271119 466496289463994145 
82168949657035419 122166357323423853 424499743760093439 967522329771167624 839377913843566506 
704338524957966795 558229225826150910 793897173768742777 155845666800328746 210241355702147281 
636335782350338008 333232648670747092 324745234940838286 14352593685169870 500383299766387911 
744657415980893516 421124455130743787 90351845215918338 59582812885169015 330751204240500372 
806061279981733490 786318760677069670 896033368432143136 214068064066864192 768730279956299736 
902819457472450146 979022127611868362 559637996670414713 671645422964434052 922913080178802968 
705358811001273228 197452482921393774 693724921360582510 984456408638397687 314098439616758161 
327498412351396701 566248341532138390 589539578786078596 444340469379542877 102961018202370441 
163878758678152926 344306495641759553 613348026869295522 274261186511147334 869963745015012300 
249023516409817277 973814662852325167 235493420927799632 53146876027340363 882877310613854849 
674393417225148045 503741408253417487 959224313955865158 201010167375580651 415042893755436809 
604275547881568682 504857787625470591 423147022161130464 394338159698037984 283426843936619746 
691370069197517597 643179289865573169 455194317228445611 134088154233412271 806890036419449350 
20494237713664103 432950419721227415 493587033690697603 844658711465318775 522930933515592136 
714188185906009716 548371568704128101 323275360133176612 108245999478741900 33210202143201869 
599366037192429749 306081719079703554 659194800874883992 812031013071273965 412237972411197902 
970866388992072634 461654793046641830 918734971064944766 487044755834807150 916496829253165453 
155285328939636737 763658470439464538 348068607300312870 255906260451641479 834270178635350559 
915082661924291265 639346805025353277 671648256788983833 515775688919489236 601572536689489454 
258613524070504735 54455669481300388 521572082924438699 683193025391291812 106484482203448725 
945088005849595168 325152902928211190 90623962416492778 450164353136395585 548623792628648754 
58919701107989494 613199050609964811 970190602491306637 301033973729506013 882330323266022555 
154147691215829089 665867416426544549 820425534038969084 83335134868527050 247125688675574214 
231220539895473514 596079118663272594 433052425598200111 374641313363295517 852178510712900429 
380521845214968195 485591583810398604 642036178552208520 308189440994145559 144735380275987565 
554077373636072757 989959318575555243 767692810996693362 508536105753398716 948726819660374713 
427316371880636065 90057420275312667 899451152092550180 436746571710936551 525666817157588224 
369768022008783478 23040492829320516 536281140225115625 846331553352490361 791425941960012233 
308548983152319958 121265515177638962 62309003141299374 281282337606277308 425707447832907293 
819216970314464995 199586614324310056 787373554646484352 267883010296969081 965536133611646648 
343940745347663505 946725958829923024 536072896833854997 277957496168804659 200779949209226999
706534938978642466 465049630148368029 613023171001054681 971229439347748051 885598308693693124
177552766527803787 946292125307154802 688827298450421659 745805052859770703 550975414728743358
48566142742628676 64072184653707859 732404246162234746 835347595012159374 25323022883618124
416409854482725252 935146498706639282 679605709936545760 963455135825899235 113793016251354027
99159120502035879 825847593464034604 691287067442376552 105667644533844147 116265495655180386
715087442046684211 205482505406115223 534351014158523493 252549150307880238 43574766165303646
