2000
965439 -844172
-478373 -77266
126720 807200
-630736 -261032
-395417 373218
-79967 -293910
-77945 577182
467 -907394
138101 59326
-919934 920779
-178564 665184
580589 -237084
-485067 158412
-328634 473945
374956 488122
364094 453692
-890415 871528
-459503 -902038
503205 388424
606768 805069
975446 -277650
-723325 32139
-450026 -229729
-521073 -527469
-353543 117182
-713233 10950
231403 -738090
-308099 972014
449594 -902443
-322309 -590656
-712735 -836289
-166443 170140
575161 -481296
935132 146418
-384121 76326
-262009 97297
-95757 148041
502758 830581
373302 708529
911893 -54034
-857432 -499236
-828776 -514739
-195425 718823
664431 -233765
71556 -68689
428018 -393566
8108 377566
-385903 528425
715951 -334676
174777 -637188
-491820 211674
83362 -303051
998104 -205722
-174326 -194113
-140243 330869
-360447 777820
-268715 958138
399025 82443
735702 969664
-468341 556805
-364245 -728597
-735409 -907660
790527 865368
501014 -723220
-327635 -701926
-587066 139215
-100538 513197
736687 53138
-537070 -561926
803285 757461
-582306 16478
128536 600751
-179430 -354951
397035 -80517
-616922 -424020
11419 -796004
422407 -107506
-33230 -173797
-599330 -700561
545485 -777881
89137 941526
694898 -301019
-691080 869004
459010 80058
164570 999123
415389 168812
-807685 -72370
32446 719425
801487 -957673
-773286 -444411
-283688 -137461
-86973 38920
-899353 -959111
-264948 437407
-25113 -869824
147417 -371226
-523363 113864
64280 24526
-453793 -590626
-245326 48904
11762 599498
-290523 -91970
-820854 -489014
-255977 -633298
30937 540321
-506808 -976245
-68280 318353
826153 -920704
44970 -405957
576751 -756524
262261 563056
722081 -320739
-525795 -457220
-320112 -469589
-738036 479341
-349723 916650
95175 -241714
451303 544795
650027 14961
-321823 -133968
-640807 174599
-472918 56831
874775 -734304
470830 749398
-763767 -275676
-573094 -360502
678720 471779
-308354 -778756
722862 -700425
-166198 -800447
548372 -54962
-680756 -152207
116477 558852
-793133 -953064
-280458 -287914
739150 -419894
-373790 404148
431148 -839654
-256483 974749
968468 972012
-326792 895994
-398448 273885
-63927 172908
188108 606467
403163 -290942
9256 155051
-200814 950601
-644850 -456895
901061 937815
-154067 179237
-173973 605364
-745448 -762276
-443617 -937279
600492 916453
602715 -961197
-25772 89283
287881 -317405
233837 175691
979629 -61388
723851 -381006
211975 620493
742554 336844
-897522 -163304
-39252 818476
938021 -932600
-47487 -839390
-479406 -587958
-537314 -900294
357337 -161502
336803 772019
-45664 -53274
-807487 -457365
253008 646896
-673611 212236
994109 124546
-778574 56606
-396757 671082
-761261 344173
-398802 -79049
-494368 324063
547815 867470
-810859 -407909
-324514 16655
565832 -458984
250080 29133
712549 -770644
-920051 -250633
-690113 806632
-69235 507778
958211 212975
359516 818960
707379 -595137
840526 622280
287916 654504
-866177 85662
-368656 -113336
343044 -141659
-845555 222712
787461 827635
-809637 109610
-680400 868532
-325978 -565781
748475 892006
-697063 305723
27516 949750
-477074 321467
-426757 346747
59172 -960113
554573 -956892
-653475 965034
161944 81366
998119 143167
-916364 -285776
684920 -753739
860935 893993
542442 -401959
-779438 749549
-180202 460909
-920509 -352949
217172 475854
232015 719437
-456492 -677825
-783004 280892
858191 -73493
-31262 -160134
398974 -477841
825642 816296
-440431 -382581
778579 -220647
-400667 -666238
-363063 -837865
-958227 -410040
457914 343456
-986310 -5294
266848 -561247
-438994 -935602
-61497 -645189
653075 475140
-312291 575908
-258347 289487
-593883 237805
723009 840549
961847 690962
577998 124311
-4926 483736
631780 841624
-983499 635851
878461 -262473
296149 -474405
-774977 -796563
-481986 -381834
790746 303086
-867838 827223
-484188 447200
426979 -637070
-208883 -371189
764686 28324
-136331 77448
-755295 -940318
89034 -828147
886180 473807
876267 -588906
-227615 -523123
-87890 938441
81266 -274055
562346 517769
-927185 874179
304030 695610
-706854 245018
-610487 527790
107266 -76499
-995893 213065
44246 -237
-7917 -255483
219287 -458047
-441824 667897
-560496 -902018
661570 -98525
-987041 -707558
980365 -212068
65061 -889974
-395626 -434356
846711 393050
-95901 555579
777902 803616
702276 306643
852482 -633362
-780841 407118
248685 -544161
-440947 863046
126639 833867
-42031 501084
-942468 842016
222076 -489487
-833510 -271283
-798555 -154978
-712453 975971
188540 -690595
258776 396129
744064 852345
-588746 -788805
277864 -594026
698829 199053
189496 56973
246333 -256846
-250057 915751
655567 587368
-656960 210760
-718526 531042
856434 492477
197846 -407725
840020 -363689
-981842 -995011
343322 464067
603234 584150
-904083 113487
825373 762373
131055 392145
722380 -705890
-944746 630782
-844821 394113
521680 -938226
633282 -841527
925054 881821
-133661 485354
-623841 -887211
395582 894067
501162 492917
796589 -696021
124427 225428
-62250 -524161
-73687 -910452
-950474 974359
-829426 171914
-943554 -917980
669833 -342832
882592 239274
898432 -514008
-110925 408739
-232957 713708
-301049 789044
-9984 -292510
-50102 468901
488247 -977493
-306843 -275839
-46748 -743871
239038 -438130
992179 933251
803430 157500
997485 168302
-800302 973528
714923 48387
240001 -917623
409766 836695
996893 -992465
-991423 416409
587234 50599
271372 694301
-147759 206346
-689136 298477
149811 400136
-407456 -771512
229419 -746151
-527221 821574
-688380 -242982
480904 -304670
540393 -305112
944511 -372021
-199394 371383
391458 936958
197365 477877
540736 434905
541965 167983
35892 921723
16682 -362193
677215 513403
874802 -699241
897735 360123
475913 -563592
487164 575284
532326 932465
-182761 714098
790377 758722
-337640 -835067
963014 -452185
-569300 -513518
-834936 993016
391536 -185219
154652 -237188
-128127 4138
165111 73990
-604385 635747
290970 782655
-880556 937801
-312791 65693
654250 97111
-480672 932669
584065 254567
-533248 581113
-634243 52340
-904129 698666
536629 600219
-879516 -984474
-895617 -139410
138978 -371089
-278134 -466608
-893368 311295
203183 154890
-533911 602574
-769469 -760930
-944955 -278369
-701367 279880
-780252 -54839
-399236 952005
660993 972131
-631245 844476
-653458 -671129
-111219 -651618
-28273 -619481
559480 -180822
-212400 -521102
-761984 828143
639396 596310
842115 387387
-454124 965127
850753 -147711
-597727 -484006
-357090 853126
-230424 -413138
-303431 585315
-219097 -899889
264665 947392
-454822 -441496
830138 -104072
-934641 954138
-530724 -229168
547351 -829410
-575243 -120316
-564167 175862
-44835 -963761
-175042 -559244
857097 170723
995419 816185
-90020 181592
-522155 -135312
-822852 -230629
681973 -598727
-674306 -475713
641152 52015
635398 731782
-225372 -547102
781975 860053
32385 75835
791899 -59412
846874 -126247
-363579 -504568
-503728 -821008
-592724 240309
448728 -583501
730390 -543881
-955093 418915
-863710 628254
-914271 338619
-685571 -503472
984331 -622167
-553048 842490
-413857 -939966
903342 -384366
-474772 -17499
-410323 953780
-987832 -781053
-76709 -292461
-822407 -34394
-626377 -169956
738123 521475
609560 -755815
23177 483018
-559240 -448773
-727828 -125429
-679496 -62091
-870348 -130971
-866243 -498696
-526381 -236346
-984206 964646
555568 672303
120891 110069
214476 102979
182170 629089
-680920 171173
-811832 537437
770845 892983
-151899 807217
-288241 106027
692551 -615081
-314683 260016
-960231 -35703
-407120 -128126
-753521 -902900
-654007 -931613
-363124 102583
-265727 -438064
-914609 -276883
180309 -91697
860579 -976604
266685 442442
-287302 863582
973187 576575
555094 -471449
-709629 418498
-703499 951803
-477550 583296
962893 -91210
-572060 946078
238117 234617
431029 239989
111507 -868311
966713 921276
-469660 -855241
344194 860535
-31403 443767
903921 297907
-835715 75403
654926 550926
722602 758886
449849 -251600
899139 -443986
871251 -504738
-854079 336079
-617669 -106775
-729724 -482085
875129 -801892
845881 -361397
316584 215886
-170521 546480
71202 932219
438262 325794
912748 866948
823544 -776713
85505 338891
195041 -263859
-961100 -278498
451526 -899845
503184 -402007
-661962 -499889
673702 195884
-492892 153146
-431121 18079
71881 -205115
880118 711478
480717 862172
-272401 -873173
-762708 -908041
-327122 225055
525361 392124
-578533 632146
-868580 -864107
-142529 -23149
-141858 91248
666948 781126
152023 -164794
323629 121713
641218 892132
-899771 -882184
282232 460842
-741293 604904
480662 -762413
690674 -607933
207510 -214412
-221399 -599142
713318 363711
798325 531399
-269408 196836
-12215 246372
-911319 -603387
-421114 -534608
138595 -915205
245620 -760871
-734457 -114184
77667 906853
622958 -542322
352339 937474
-544564 -128622
881843 992893
-111979 174269
-571145 800713
-38332 -914831
-566268 -699056
722288 172421
254626 739725
-47294 -130466
289885 232
678698 -333451
-781472 306279
720765 463824
426459 -377224
-571114 675466
-260830 253974
337029 -707545
-731504 -210663
-485776 452716
497614 -584170
304350 -729359
794575 -22110
809779 -785158
-285137 866639
807185 -431778
445241 -607907
-331416 -591669
-680178 216914
-193041 163239
797650 -594066
-479206 959568
-778229 910149
354112 -134227
-344447 760413
766450 -440460
-667368 -410817
355441 -664126
581285 256645
748414 254712
-533034 487320
991653 617878
624275 -513951
-570261 61463
-91932 -656287
665091 -515696
725445 -984073
833230 937044
328183 -720073
-871651 -406464
-124386 -358930
326801 70675
-35212 230233
168461 972715
-653784 -528083
141782 -63310
-176757 -855783
-434772 674344
382249 -489484
878562 57003
-423027 -335
-520365 -212777
-889055 -542301
128392 -794969
-685436 -994469
209003 -675512
467007 -279793
-501489 686243
-621409 137637
981559 -601346
323400 191250
919135 -704654
155488 951269
855143 -417011
130475 452871
-157377 864786
817518 206982
-601697 -937673
-395920 -693397
566947 -312366
464893 623082
555560 927128
-657128 702447
330034 769457
-152092 607717
788483 345801
-622212 841913
-587502 -959307
356239 34319
-809881 -719466
388206 -761718
11008 438747
-533495 239449
300534 -30154
-470026 -570823
-548244 -800507
743211 70386
-71151 810487
141494 -936010
-917521 1222
-834396 801101
923380 -798212
-488568 503784
66220 -520009
-683062 198682
697605 368292
299362 -876256
109095 -80547
580219 -735049
-516468 -413043
129560 226537
-639158 -7841
380187 498348
674308 615355
315359 -191712
437366 817749
-942067 -431550
69738 747616
-242156 607892
-733277 -205788
-367351 458046
-837223 -878521
-382542 497203
-726885 708530
998155 293538
401802 -330630
940914 -939775
-391694 -507757
-875971 501051
14125 277977
-813302 855341
400585 663576
341499 485653
259948 24804
-418556 312384
-861477 -964350
-964956 -188091
-473574 909931
-718709 437505
132207 -756663
-695663 412799
400786 -4684
161767 -441541
768091 944667
-600521 965597
534851 -823359
271932 863719
-282173 -183184
567227 586578
-961786 553337
-60680 408512
-863670 963695
-303767 -286944
-432717 -99901
895106 60552
536910 -226653
224662 -918590
-466764 352313
-746946 895883
439769 -913041
223627 -846065
-88300 -639712
518426 866657
-226596 553707
-55151 -53290
916201 -479475
-912075 939241
241723 -457676
707447 -394057
440739 629927
-686506 -333388
182242 995202
295108 551000
-120095 797585
-805247 -410493
833881 326577
572704 -205996
417745 282803
825171 -818164
715222 371203
-253600 777075
-916619 990085
764014 -833622
-812172 744566
-939312 787897
196458 -202470
-364760 681125
714936 -541108
-747694 325634
282511 -369800
105579 -237638
-647505 -587771
-936943 185625
995589 -613504
-394956 -257922
54558 -319112
961441 799612
-258262 -66618
896400 -507734
225920 858774
-400639 -872641
421191 -731362
-803071 -313506
-986169 -242505
694934 8660
505338 -567267
538927 -149063
60152 361681
583131 -670822
391168 852204
584834 -811263
278763 454185
-391455 -992385
670926 450701
-386566 735488
-398283 187504
191787 784409
-392857 -429984
843017 -966961
307575 -102191
-635842 848333
-520315 -332970
434472 -533249
281462 612505
945158 -379167
-362737 501343
-576793 875303
-203887 673174
-58965 -959999
405945 -641351
703558 -534980
-844328 -855342
-561275 -72892
869729 -296482
9990 498950
-481604 -477097
-138770 -517272
125739 387964
146305 -119755
114218 417005
-382035 -906158
675250 500723
972511 -69674
394901 870421
-861606 298063
138592 41552
321694 -972378
853082 -957624
-12066 -401130
841060 -178155
328387 348129
59021 -698551
206942 334728
-643552 659677
-474049 -729118
701965 753973
26881 -418411
37722 -889420
454586 295475
8017 64482
-80712 156294
642106 -80267
457024 -353802
731920 428473
-637699 39411
204791 885112
507225 494171
561872 -121693
18508 623604
474968 -782212
620114 -399536
711593 794108
-922135 241751
158072 -44040
87359 99483
-725257 595108
995315 724960
46724 -181097
-722800 532480
-908944 -5996
-208647 461253
704436 742392
354755 321469
185897 -33779
68485 -976005
-833779 892281
304884 -617707
367644 -804128
509392 910947
608864 72340
-283964 373487
891784 -909945
842524 -941882
-208703 871533
-292931 351207
295881 -569693
579889 -337524
-630797 -26537
320964 -108473
-522708 462072
-792543 100861
-855563 -457107
451321 740724
396720 -772946
-176305 -539322
-748158 127426
282171 703396
612706 161207
-734115 -307740
-100960 -874897
-970300 348450
497000 981336
-275412 362261
465525 -220978
203178 -196419
-228221 -315550
441165 149260
852924 -715148
978266 -707880
477487 379119
-345816 482304
355108 -557989
194446 42953
-719336 252227
-487837 -670304
-48868 -890921
-92909 -54643
-782624 714974
186704 154
-3220 494780
847154 -740167
688936 2030
387807 -894996
-681491 -584154
606905 933863
318059 -857588
595708 -710366
-931234 -613435
-962243 119497
-856910 -566877
-320206 -847862
926845 -113493
-135189 -219141
897762 -391208
145664 372530
682158 -96888
-568660 115474
-444437 -478011
-274676 354482
-673629 -760126
295131 -432523
-401995 -172168
499153 -7719
70963 -638812
-557847 -663067
-311293 -596040
-717633 -369115
-430920 814454
394763 -433021
17711 -734038
438598 -530555
402741 -432217
-827531 653572
-958839 -915355
996556 49823
142072 -370514
507632 -430337
558681 -882031
-746087 69914
402812 267995
18817 -706785
807538 783968
532293 -809466
96332 708820
775051 336107
-748238 756371
-804641 -646407
257015 -668646
-477299 -584978
729253 893085
185376 161877
287901 970595
395903 964688
-861197 -31391
-491591 -167943
171963 -36615
-767281 885863
-669435 -612155
-441249 -935236
-689764 445331
-759251 584311
775564 -688219
420337 -880516
142454 -424382
223144 409440
946154 -665041
835947 -351058
177210 -957592
911334 -310185
-518111 -342893
518750 491334
202518 -306807
220044 45653
-181903 595558
-871582 -960298
426 -55809
-952923 -169643
182608 939892
360049 443980
-61530 -862183
176035 837345
787408 -850357
859244 -985575
91840 641508
893416 -960426
688049 -180739
612131 399823
-135330 274877
379361 723713
-172375 893541
238962 -958875
-993019 -46019
295933 671348
297450 -566795
718988 41399
-429919 -816790
-110676 -91215
-576754 418729
-808129 -755243
37652 781747
813817 -461669
-352321 -272858
-402306 707654
743874 506664
-356472 68442
-729391 -962844
-963778 -894102
518948 750858
835870 440152
-136409 -356908
-404055 14688
-800897 206574
747146 875589
-766700 -72992
224785 -828918
945981 283595
-939491 -138240
568575 -974810
-363461 -279483
-168184 -28745
487130 -545828
-542884 -942106
-625423 -973286
79683 207913
-193696 -150053
-95477 -552248
603506 -324908
800776 358566
-315097 -706455
939997 415006
238364 -366297
262391 148399
-670599 473760
-456225 474207
428596 -543945
239472 292148
122244 906543
-523272 -993828
-191844 -602707
930701 -179510
-470184 100772
852618 -410551
-404423 515304
-956522 821415
-44609 -499051
337014 -304991
-9471 -719162
-409421 657773
585069 698031
452251 -629872
759436 -301531
-870778 329475
-325982 -947181
-686350 -997196
433766 -868992
-961427 -356210
-997351 -232739
-656786 800723
973226 -493974
-979151 -694160
-248242 450075
-927203 786342
535594 -48011
929820 443189
-56449 143396
-76912 -817873
326353 185565
227874 634616
540953 973215
199440 -928121
237615 -677990
-995762 -730215
379969 -681927
-909322 -10126
-613596 -736761
184506 324045
-467831 -890366
-973998 209663
722740 -48050
-690545 -541087
670131 -508216
-39935 853330
-838040 234064
377124 -398586
250550 857745
562809 724787
232601 -742897
-816691 -879412
685918 -546102
168530 -820809
457779 212879
-785539 -895780
-135750 -510254
596730 498989
-369628 72789
-441651 -502044
-942669 -816887
407887 -137526
-619071 364978
-69281 -151296
-340769 -712708
-414802 -858753
-681775 -161192
513459 104566
822521 -12599
-811601 979566
-927145 -296552
739550 -281476
-433257 660143
-435132 -33260
70429 -276299
121864 759638
-160665 -600091
841866 275411
527867 -193714
-232120 -945771
-36884 -18920
180423 889974
319975 268570
-100612 607272
-554034 -279363
675248 117043
176192 -683447
739430 -652599
719809 352739
-173566 386415
971432 592451
-571943 768811
495674 678445
-351561 -172097
-536933 140633
-367928 -532488
-625636 375367
559345 -533419
-975394 308860
311881 -973589
-537003 -737084
-561310 -238285
-321452 -815119
-875794 518344
805376 24130
-875908 272425
-961168 261749
-20891 883183
347122 -898100
177930 -124559
188840 292602
-796817 154191
94400 -659130
529031 509727
-113811 633819
-410467 453421
766494 -194961
-643666 307579
849617 -706267
-524364 124782
283015 230346
-17174 -753953
-895316 -342807
506348 -451831
358503 -664376
-488896 778467
-555596 -235547
-653965 -684693
667395 -962485
-978187 607417
750416 451324
-670070 307210
619458 -518485
109360 -967159
724290 -890177
329395 714714
-199372 -780897
-27354 -188379
53742 -212372
22327 705683
-819565 -421833
801718 -760638
680520 -651270
-803448 -603459
301292 -65218
700867 -55277
-144678 328554
421892 584514
-22533 550465
-686635 -685485
-144388 -78442
-604155 -56834
-702393 -126540
250412 502030
-589340 73135
-868811 809325
196554 -244962
307389 -276691
-329484 -398891
796796 400248
514328 -397236
36455 76122
480781 -927009
-532512 -929960
-595008 -91523
260915 591788
-63498 -850156
136326 -260231
235032 475042
312830 919993
507098 -579698
-163190 -744882
174643 -519365
745970 859496
-446434 960579
-37506 -699357
40697 -846365
-669582 737576
-450170 357059
-379000 -69211
-923822 -278545
213297 776285
725552 -243068
611209 888761
898171 -274259
74489 125885
-275187 -493999
912670 -185985
-994921 -722666
-556631 -234381
-393686 220755
375541 526420
-613722 -957672
786786 -671641
-428447 -971305
329041 -146472
975172 793893
826325 930539
798352 77866
-145326 -819396
624621 -376532
344800 683666
515294 290956
997697 623447
-681787 -354156
87216 762501
-92710 -185126
673249 737469
-190986 519943
-629356 584474
-543273 775109
-589395 -526518
-371974 723551
-662377 719514
-899842 -953125
351214 897185
329250 688465
-978183 -674402
952521 22109
-970076 746963
262409 728597
488317 -946536
126252 -839074
504882 -602999
-584563 208254
960571 -373798
-796769 -288274
-117698 500829
-469103 205038
-48123 790767
312251 151653
469276 -338938
980226 669997
235440 -146333
151732 421148
-735665 399080
-958328 -532278
87060 -240831
191913 -322240
-394041 416809
-634233 -845290
997314 -449598
71979 281267
559653 -50752
300318 -908964
-701454 14281
670149 500062
-128463 949717
-344780 206881
105110 -444736
-951616 754067
653133 18622
-503910 69554
-831347 -987183
-718692 -742992
552643 433498
-767716 942955
98183 743081
454068 -220630
-948456 -653881
177564 283286
-850043 98160
323875 -488368
685017 -631249
661118 630457
869217 27163
698565 -762122
214051 -8849
-819022 519189
-641860 123208
392635 206292
-192919 833626
28826 616138
929825 -663862
-818563 221679
611773 -886138
-313017 847485
-23686 90087
-765932 959676
-343459 480887
-829897 807980
277768 536545
113563 -773198
-176272 280796
970862 311217
604307 725693
891146 -386124
515492 -952581
-630803 17972
491702 -633534
-377423 -756986
-10065 207979
-741365 -463795
889012 -947412
-709897 -557066
-162387 535148
476694 -844044
-635923 868907
-212201 102587
612390 -565412
-280222 -519961
-965178 971328
-893526 -816975
-398780 253286
140772 710872
-114335 441639
139969 967444
435155 -316956
18134 852361
-852056 507590
160333 -504757
107941 779268
770347 639704
35879 -203550
-478287 -41404
-404204 512603
255731 312352
-954273 205006
-73057 299356
999598 -712026
-136718 -326441
429334 -331089
-289683 633910
909528 248682
299736 -787739
-542707 418756
-809877 -834571
187036 -281602
-994038 60095
-129421 207831
-222618 188108
-755729 -633693
-274715 -856969
456495 -37566
-60491 769339
455663 442650
786547 -731535
130332 -541488
428961 65796
62205 533321
275500 -558481
296458 625013
692926 -318935
-126506 -462125
-482492 -166303
-29063 -597416
-428300 46435
876412 -186257
833324 -378865
-750315 -12783
-60342 927604
583048 284417
306744 761763
-974114 533490
-679556 3950
995113 253042
240600 -22045
-799896 -573284
820374 -461488
702231 746548
836355 -154225
55914 912745
355628 -181733
746486 435421
-979751 -780809
-919147 -215082
89924 137286
-68152 755789
190624 584064
-875488 844478
1110 708884
664744 981424
91609 944874
823837 860029
-705524 651514
-409000 -341737
103291 -876139
-834777 -980370
366863 -726957
95997 949144
-653052 -701388
-436522 654394
-75378 20510
-377929 -376420
-387318 410634
702196 90050
-229470 604400
-455682 -176998
-801552 908204
373203 229306
264408 -950518
460375 242358
-942647 -775681
-760135 -101613
-71546 -125731
-58960 383091
-30183 -342008
-52312 -820716
273516 -793186
-792456 226041
668589 360950
550839 -794254
960881 -163915
522710 -22991
939069 383098
702359 398444
986917 82797
-242739 -717003
714277 43125
-829982 843194
882297 661045
-39385 -298163
864893 805071
-916637 595076
-727144 90303
-155546 -856392
549054 260864
-136379 198825
-353521 528557
773920 489743
-438444 977659
47629 -796533
114368 -347484
497432 -763164
-975447 234233
-505628 703044
-256246 -792612
853130 104771
844797 835668
868755 -587403
-848350 -232114
221598 419529
-883742 593890
-967214 937157
-567471 80496
954349 190004
934273 -914302
868406 -987842
224304 482346
-869697 -263010
-827086 656219
736213 -324569
869745 230007
-450351 -871070
-39960 -666561
887591 -215390
320873 -323779
-163461 850102
-548737 -138597
857063 -736254
-168100 -120836
-652597 116984
-629493 270583
-848460 -542077
-691133 -333456
823658 110656
345168 -840000
-274631 -116183
580129 962484
400760 -463668
844811 56453
-861087 640998
472332 924495
-74553 -162344
-245936 -264096
-259267 118287
975102 332383
266123 768220
454336 557617
-896596 -640591
-200505 -370292
33252 919597
-528359 663998
50588 597534
-861528 49625
235589 -654743
-601967 -718275
-76620 262191
-187410 -565102
-819388 798698
-446255 74411
60925 453502
829700 -1923
-539802 14689
486671 366690
-2493 -616711
925417 88930
-138244 23388
480150 757305
655693 308931
-737443 -87694
-77366 -715524
759713 418641
-599979 -307247
288294 -699638
-887667 279510
-483103 -397136
71004 -308420
699014 843311
890703 -784494
-120196 -710177
430576 -79424
265768 72859
477167 -420102
866473 -24477
-127219 -302285
-176061 733823
690022 -434745
240132 490346
118372 -671244
-884533 -508226
-326590 548291
857138 -937172
44883 778073
-790789 -336269
-544192 355810
-47521 921312
346567 -646041
-908865 618644
213696 823315
177752 -993557
296569 360922
339327 -448445
711619 728389
527139 517489
46263 -480232
384196 -872016
778779 923698
-623517 770984
-108601 92995
80627 -174629
528401 151645
-676803 532184
805459 542196
-820770 -952563
-517072 -57108
-603403 112076
439317 435607
618070 -207578
951861 291174
-871343 810214
-579101 -808098
-632133 937397
-737858 565779
-830045 -782552
939407 -139591
-496736 -353174
529386 3649
576154 -134321
-897090 507422
506347 -134749
772169 96114
692212 112446
-391730 -607173
-701748 -8110
844469 939811
-49952 537312
571224 -751761
-746270 274884
952199 412400
-44099 -778398
947080 482455
-178180 385830
686815 -526153
947224 335733
-204819 -967500
-694477 59073
795814 20906
175158 -827403
479537 303049
907429 -225511
-65747 113523
-897363 -815169
-525544 938150
-779811 -779463
-671857 173904
330389 -612815
14103 756858
-447031 -286152
-195001 -370723
-518315 810857
838992 927079
-882356 -632347
665365 -340260
573422 621163
552930 -459919
251722 957179
-212507 -481814
925241 981427
-912115 794895
-15252 -245304
-884363 -700460
878576 196261
-343801 557085
-135716 -884730
-554956 273936
-367825 -508326
380917 714630
-875711 98840
-172316 -213684
431638 712788
-771522 -242131
254916 70700
231960 -293396
996837 977409
455621 -935823
60947 402531
-120346 725094
-180274 -571229
913595 -719215
-480819 855060
-19566 964370
422515 534190
47502 -324521
369515 -502707
-41229 33411
-270859 244156
883701 695740
-41771 871380
-397381 -389709
189108 -229188
-272852 356029
-229185 630795
195315 -999535
407249 701654
733471 649854
508206 423673
-578168 -477247
-326775 -424807
-663670 666230
661097 122465
64320 -818085
263487 934514
-24409 -644721
-325614 102148
-180048 8995
-959364 296469
909865 -363571
-221900 686558
91780 -42093
815184 151118
6397 -923104
-256904 -375899
212684 47193
694591 568485
836404 992463
904555 -728213
-608576 659479
265063 -684724
462255 -904170
-334786 -810792
-672962 186089
286683 -745203
-905341 -471169
-747292 -528126
809003 -942005
-570181 -213068
-554819 646971
-992930 575353
280303 699360
692231 426929
-274539 994218
-608095 388475
231433 -365392
-247908 -651878
776184 445378
483705 138203
986771 -883849
-380424 455042
665371 101603
655397 648808
-839977 37513
964025 443609
78260 -885362
-573508 472544
-403717 546086
-701745 63167
-59956 659192
551261 -514166
953551 655132
387965 -147238
821686 86739
-48810 -86934
-940538 -77733
-627897 637135
305868 -960681
-217441 777410
-492033 -800338
441278 559483
960769 -122961
-974904 -130892
36739 -416732
-436036 -828950
-702051 -921241
-349576 397959
-887147 -332294
816140 -993096
-19272 -977080
716087 -390646
687801 -550585
597314 3660
-770027 -21395
-540083 244228
795460 629542
-654143 782112
260208 -728230
426560 -254172
788836 199878
-959452 828413
497314 -982524
24288 569330
-144878 -262642
-691994 -40217
897523 -14683
-553401 -409628
-992510 -872378
81578 -555022
835387 906793
648656 -608765
-113526 -787121
-630955 -516484
-904754 -40274
-741755 527618
-409709 -706910
779281 321092
-281502 826869
-317079 -602100
-528812 577572
-563015 -410887
385752 -688376
694455 293295
-899466 764369
-150575 -22002
-637021 206727
-3234 88078
73086 446146
-603579 -700162
662521 330723
640204 -974579
-483359 540839
-375365 -971212
-367661 158434
334072 -908914
555511 559286
-246179 -371587
391465 719441
822445 323083
-302098 842360
241163 272422
-811607 -873055
-113192 677654
-269275 613492
-525724 -398650
-512763 -983750
-932393 839322
299166 214188
203827 623499
-370527 -427127
-903069 -996747
-650607 -221047
445315 -580990
-274378 701659
994541 -830609
-805293 -487401
977717 -139083
237939 -888976
-625634 -284929
-478782 -234300
-60287 -792443
-358550 481028
-294173 -674378
383263 -321670
-997103 -352466
940829 -697725
912734 -168804
-68971 774989
-503445 175248
998289 78520
-998994 836851
-815244 821265
550681 640357
931287 -646640
-117074 -458853
428081 -879568
-311939 -692756
576973 -325339
-2485 125856
-271768 359056
-93877 -290709
53632 -476896
-805312 490959
-935092 117978
-25184 329512
-770898 873474
-710497 647716
48828 741820
198818 -12971
492624 -900542
564023 -99996
210804 -90284
-452328 -249790
-275541 -765321
145675 659975
256426 -862198
-215000 -659513
410946 636022
-750499 -615752
132791 -970669
936048 -216528
242279 -46296
-648061 826701
-275493 385137
900341 133966
-506837 -681226
328537 708832
-572512 -586406
431822 86804
-660092 430720
-64546 -608141
807687 640555
-136530 524071
-258429 -109441
-871727 864630
701473 763109
581810 -353331
-71141 732335
222421 621368
77331 -575040
-31907 771691
479033 -624623
880985 -80556
712588 629383
398053 -647481
-850072 937109
756568 -825697
268733 -260195
861189 -364409
198193 767584
-495651 462005
-631431 216147
780095 629144
758709 97188
-514078 1974
-535438 39323
-497019 -986669
670415 -230264
-801688 502901
128437 894518
983579 56331
794768 721023
-931180 308137
597891 -661942
469124 -731810
281750 -10673
812518 821907
37295 -943819
478580 587583
405353 -572388
-429817 -71632
-728259 -384288
59210 20558
985150 780339
-269808 -31844
-991655 -542283
-320801 -403928
710730 742605
-17362 452333
-643056 -188370
-817756 153576
-935442 -125740
-247959 -230362
316565 746811
364216 -112600
914316 340709
-642144 -875785
-676053 -804114
324335 748598
-338166 71213
-589365 -311250
-936965 -623436
-78284 -690365
-22166 -6111
-319369 -215500
875020 -234976
-812612 -733633
151824 -705445
-959921 -335569
-84430 -340552
60556 533396
-171027 805252
739762 -424927
-172766 657835
-467962 -621277
-316857 970736
297337 312082
-336490 596296
-420378 395593
-467207 -539621
-419247 -754399
706109 551015
845544 293402
429323 789281
-931049 -893509
-88607 742779
14669 -145174
-314280 -386757
342177 -176712
-960820 -784213
882455 -133535
-540058 946233
-949760 -596320
-651211 121471
521012 765959
494991 -732306
-520962 243021
-784923 -308157
164108 557724
17961 -498048
-463981 543215
-857919 -749723
640184 544378
-260259 60282
949306 870784
-49319 -127366
-12032 -238248
-943260 381051
167673 885546
-759609 -773155
907470 442211
-532794 -528996
-776198 -206089
-919033 -380576
401212 576876
-55145 76015
-316446 -260710
-269340 248491
-388492 539804
-793299 -781368
-822564 -262363
120944 -615792
-991680 854304
-496670 -322470
-354270 565150
-357123 -697691
-134771 -756386
-646216 -908957
-315244 -878119
601710 -810411
-241426 -766301
808982 -34746
763189 -482024
-173434 -723064
426449 541985
791759 559388
